     113
     103
     211  Pion(+)                0.13957   0.00000  1  0  0  0  1  3  1  1
     111  Pion(0)                0.13498   0.00000  1  0  0  0  1  3  0  1
    -211  Pion(-)                0.13957   0.00000  1  0  0  0  1  3 -1  1
     321  Kaon(+)                0.49368   0.00000  1  0  1  0  0  2  1  1
    -321  Kaon(-)                0.49368   0.00000  1  0 -1  0  0  2 -1  1
     311  Kaon(0)                0.49765   0.00000  1  0  1  0  0  2  0  1
    -311  Anti-Kaon(0)           0.49765   0.00000  1  0 -1  0  0  2  0  1
     221  eta                     0.54775   0.00000  1  0  0  0  0  1  0  4
     213  rho(+)                0.77580   0.15030  3  0  0  0  2  3  1  1
     113  rho(0)                0.77580   0.15030  3  0  0  0  2  3  0  1
    -213  rho(-)                0.77580   0.15030  3  0  0  0  2  3 -1  1
     223  omega                   0.78259   0.00849  3  0  0  0  3  1  0  3
     323  K*892(+)              0.89166   0.05080  3  0  1  0  0  2  1  2
    -323  K*892(-)              0.89166   0.05080  3  0 -1  0  0  2 -1  2
     313  K*892(0)              0.89610   0.05070  3  0  1  0  0  2  0  2
    -313  Anti-K*892(0)         0.89610   0.05070  3  0 -1  0  0  2  0  2
    2212  p                       0.93827   0.00000  2  1  0  0  0  2  1  1
    2112  n                       0.93957   0.00000  2  1  0  0  0  2  0  1
     331  eta-prime(958)         0.95778   0.00020  1  0  0  0  0  1  0  5
 910221  f0(980)                0.97410   0.04700  1  0  0  0  0  1  0  4
 900211  a0(980)(+)            0.98470   0.05700  1  0  0  0  0  3  1  2
 900111  a0(980)(0)            0.98470   0.05700  1  0  0  0  0  3  0  3
-900211  a0(980)(-)            0.98470   0.05700  1  0  0  0  0  3 -1  2
     333  phi(1020)              1.01946   0.00426  3  0  0  0  0  1  0  6
    3122  Lambda                  1.11568   0.00000  2  1 -1  0  0  1  0  1
   10223  h1(1170)                1.17000   0.36000  3  0  0  0  0  1  0  3
    3222  Sigma(+)               1.18937   0.00000  2  1 -1  0  0  3  1  1
    3212  Sigma(0)               1.19264   0.00000  2  1 -1  0  0  3  0  1
    3112  Sigma(-)               1.19745   0.00000  2  1 -1  0  0  3 -1  1
   10213  b1(1235)(+)           1.22950   0.14200  3  0  0  0  0  3  1  1
   10113  b1(1235)(0)           1.22950   0.14200  3  0  0  0  0  3  0  1
  -10213  b1(1235)(-)           1.22950   0.14200  3  0  0  0  0  3 -1  1
   20213  a1(1260)(+)           1.23000   0.40000  3  0  0  0  0  3  1  2
   20113  a1(1260)(0)           1.23000   0.40000  3  0  0  0  0  3  0  2
  -20213  a1(1260)(-)           1.23000   0.40000  3  0  0  0  0  3 -1  2
    2224  Delta1232(++)         1.23200   0.12000  4  1  0  0  0  4  2  1
    2214  Delta1232(+)          1.23200   0.12000  4  1  0  0  0  4  1  3
    2114  Delta1232(0)          1.23200   0.12000  4  1  0  0  0  4  0  3
    1114  Delta1232(-)          1.23200   0.12000  4  1  0  0  0  4 -1  1
   10323  K1-1270(+)             1.27300   0.09000  3  0  1  0  0  2  1  8
  -10323  K1-1270(-)             1.27300   0.09000  3  0 -1  0  0  2 -1  8
   10313  K1-1270(0)             1.27300   0.09000  3  0  1  0  0  2  0  8
  -10313  Anti-K1-1270(0)        1.27300   0.09000  3  0 -1  0  0  2  0  8
     225  f2(1270)               1.27540   0.18510  5  0  0  0  0  1  0  6
   20223  f1(1285)               1.28180   0.02410  3  0  0  0  0  1  0 13
  100221  eta(1295)              1.29400   0.05500  1  0  0  0  0  1  0  4
  100211  Pion1300(+)           1.30000   0.40000  1  0  0  0  0  3  1  4
  100111  Pion1300(0)           1.30000   0.40000  1  0  0  0  0  3  0  4
 -100211  Pion1300(-)           1.30000   0.40000  1  0  0  0  0  3 -1  4
    3322  Xsi(0)                 1.31483   0.00000  2  1 -2  0  0  2  0  1
    3312  Xsi(-)                 1.32131   0.00000  2  1 -2  0  0  2 -1  1
     215  a2-1320(+)             1.31830   0.10700  5  0  0  0  0  3  1  5
     115  a2-1320(0)             1.31830   0.10700  5  0  0  0  0  3  0  6
    -215  a2-1320(-)             1.31830   0.10700  5  0  0  0  0  3 -1  5
 900213  Pion1-1400(+)          1.37600   0.30000  3  0  0  0  0  3  1  1
 900113  Pion1-1400(0)          1.37600   0.30000  3  0  0  0  0  3  0  1
-900213  Pion1-1400(-)          1.37600   0.30000  3  0  0  0  0  3 -1  1
    3224  Sigma-(+)1385          1.38280   0.03580  4  1 -1  0  0  3  1  3
    3214  Sigma-(0)1385          1.38370   0.03600  4  1 -1  0  0  3  0  3
    3114  Sigma-(-)1385          1.38720   0.03940  4  1 -1  0  0  3 -1  3
   10221  f0-1370                 1.40000   0.22500  1  0  0  0  0  1  0  4
   20323  K1-1400(+)             1.40200   0.17400  3  0  1  0  0  2  1  6
  -20323  K1-1400(-)             1.40200   0.17400  3  0 -1  0  0  2 -1  6
   20313  K1-1400(0)             1.40200   0.17400  3  0  1  0  0  2  0  6
  -20313  Anti-K1-1400(0)        1.40200   0.17400  3  0 -1  0  0  2  0  6
   13122  Lambda-1405             1.40650   0.05000  2  1 -1  0  0  1  0  3
  100323  K*1410(+)             1.41400   0.23200  3  0  1  0  0  2  1  4
 -100323  K*1410(-)             1.41400   0.23200  3  0 -1  0  0  2 -1  4
  100313  K*1410(0)             1.41400   0.23200  3  0  1  0  0  2  0  4
 -100313  Anti-K*1410(-)        1.41400   0.23200  3  0 -1  0  0  2  0  4
 920221  eta-1405                1.41030   0.05100  1  0  0  0  0  1  0  9
   10321  K0*1430(+)            1.41200   0.29400  1  0  1  0  0  2  1  2
  -10321  K0*1430(-)            1.41200   0.29400  1  0 -1  0  0  2 -1  2
   10311  K0*1430(0)            1.41200   0.29400  1  0  1  0  0  2  0  2
  -10311  Anti-K0*1430(0)       1.41200   0.29400  1  0 -1  0  0  2  0  2
  100223  omega1420              1.41900   0.17400  3  0  0  0  0  1  0  3
   20333  f1-1420                 1.42630   0.05490  3  0  0  0  0  1  0  4
     325  K2*1430(+)            1.42560   0.09850  5  0  1  0  0  2  1 10
    -325  K2*1430(-)            1.42560   0.09850  5  0 -1  0  0  2 -1 10
     315  K2*1430(0)            1.43240   0.10900  5  0  1  0  0  2  0 10
    -315  Anti-K2*1430(0)       1.43240   0.10900  5  0 -1  0  0  2  0 10
   12212  p-1440                  1.44000   0.35000  2  1  0  0  0  2  1  7
   12112  n-1440                  1.44000   0.35000  2  1  0  0  0  2  0  7
  100213  rho1450(+)           1.46500   0.40000  3  0  0  0  0  3  1  1
  100113  rho1450(0)           1.46500   0.40000  3  0  0  0  0  3  0  1
 -100213  rho1450(-)           1.46500   0.40000  3  0  0  0  0  3 -1  1
   10211  a0-1450(+)             1.47400   0.26500  1  0  0  0  0  3  1  4
   10111  a0-1450(0)             1.47400   0.26500  1  0  0  0  0  3  0  6
  -10211  a0-1450(-)             1.47400   0.26500  1  0  0  0  0  3 -1  4
  100331  eta-1475                1.47600   0.08700  1  0  0  0  0  1  0  8
 930221  f0-1500                 1.50700   0.1090  1  0  0  0  0  1  0  9
    3124  Lambda1520             1.51950   0.01560  4  1 -1  0  0  1  0 11
    2124  p-1520                  1.52000   0.11500  4  1  0  0  0  2  1  9
    1214  n-1520                  1.52000   0.11500  4  1  0  0  0  2  0  9
     335  f2prime1525           1.52500   0.07300  5  0  0  0  0  1  0  5
    3324  Xsi(0)1530            1.53180   0.00910  4  1 -2  0  0  2  0  2
    3314  Xsi(-)1530            1.53500   0.00990  4  1 -2  0  0  2 -1  2
   22212  p-1535                  1.53500   0.15000  2  1  0  0  0  2  1  9
   22112  n-1535                  1.53500   0.15000  2  1  0  0  0  2  0  9
   32224  Delta1600(++)         1.60000   0.35000  4  1  0  0  0  4  2  5
   32214  Delta1600(+)          1.60000   0.35000  4  1  0  0  0  4  1  9
   32114  Delta1600(0)          1.60000   0.35000  4  1  0  0  0  4  0  9
   31114  Delta1600(-)          1.60000   0.35000  4  1  0  0  0  4 -1  5
   23122  Lambda1600             1.60000   0.15000  2  1 -1  0  0  1  0  5
   10225  eta2-1645               1.61700   0.18100  5  0  0  0  0  1  0 10
    2222  Delta1620(++)         1.63000   0.14500  2  1  0  0  0  4  2  4
    2122  Delta1620(+)          1.63000   0.14500  2  1  0  0  0  4  1  7
    1212  Delta1620(0)          1.63000   0.14500  2  1  0  0  0  4  0  7
    1112  Delta1620(-)          1.63000   0.14500  2  1  0  0  0  4 -1  4
 910213  Pion1-1600(+)          1.65300   0.22500  3  0  0  0  0  3  1  2
 910113  Pion1-1600(0)          1.65300   0.22500  3  0  0  0  0  3  0  2
-910213  Pion1-1600(-)          1.65300   0.22500  3  0  0  0  0  3 -1  2
   32212  p-1650                  1.65500   0.16500  2  1  0  0  0  2  1  9
   32112  n-1650                  1.65500   0.16500  2  1  0  0  0  2  0  9
   13222  Sigma(+)1660          1.66000   0.10000  2  1 -1  0  0  3  1  4
   13212  Sigma(0)1660          1.66000   0.10000  2  1 -1  0  0  3  0  5
   13112  Sigma(-)1660          1.66000   0.10000  2  1 -1  0  0  3 -1  4
   30223  omega1650              1.67000   0.31500  3  0  0  0  0  1  0  5
     227  omega3-1670             1.66700   0.16800  7  0  0  0  0  1  0  5
   33122  Lambda-1670             1.67000   0.03500  2  1 -1  0  0  1  0  6
   13224  Sigma(+)1670          1.67000   0.06000  4  1 -1  0  0  3  1  4
   13214  Sigma(0)1670          1.67000   0.06000  4  1 -1  0  0  3  0  5
   13114  Sigma(-)1670          1.67000   0.06000  4  1 -1  0  0  3 -1  4
   10215  Pion2-1670(+)         1.67240   0.25900  5  0  0  0  0  3  1  6
   10115  Pion2-1670(0)         1.67240   0.25900  5  0  0  0  0  3  0  8
  -10215  Pion2-1670(-)         1.67240   0.25900  5  0  0  0  0  3 -1  6
    3334  Omega                   1.67243   0.00000  4  1 -3  0  0  1 -1  1
    2216  p-1675                  1.67500   0.15000  6  1  0  0  0  2  1  6
    2116  n-1675                  1.67500   0.15000  6  1  0  0  0  2  0  6
  100333  phi-1680                1.68000   0.15000  3  0  0  0  0  1  0  4
   12216  p-1680                  1.68500   0.13000  6  1  0  0  0  2  1  9
   12116  n-1680                  1.68500   0.13000  6  1  0  0  0  2  0  9
     217  rho3-1690(+)           1.68880   0.16100  7  0  0  0  0  3  1  7
     117  rho3-1690(0)           1.68880   0.16100  7  0  0  0  0  3  0  9
    -217  rho3-1690(-)           1.68880   0.16100  7  0  0  0  0  3 -1  7
   13124  Lambda-1690             1.69000   0.06000  4  1 -1  0  0  1  0 10
   13322  Xsi(0)1690            1.69000   0.02500  2  1 -2  0  0  2  0  3
   13312  Xsi(-)1690            1.69000   0.02500  2  1 -2  0  0  2 -1  3
   22124  p-1700                  1.70000   0.10000  4  1  0  0  0  2  1  9
   21214  n-1700                  1.70000   0.10000  4  1  0  0  0  2  0  9
   12224  Delta1700(++)         1.70000   0.30000  4  1  0  0  0  4  2  4
   12214  Delta1700(+)          1.70000   0.30000  4  1  0  0  0  4  1  7
   12114  Delta1700(0)          1.70000   0.30000  4  1  0  0  0  4  0  7
   11114  Delta1700(-)          1.70000   0.30000  4  1  0  0  0  4 -1  4
   42212  p-1710                  1.71000   0.10000  2  1  0  0  0  2  1 12
   42112  n-1710                  1.71000   0.10000  2  1  0  0  0  2  0 12
   10331  f0-1710                 1.71500   0.13800  1  0  0  0  0  1  0  5
   30323  K*1680(+)             1.71700   0.32200  3  0  1  0  0  2  1  6
  -30323  K*1680(-)             1.71700   0.32200  3  0 -1  0  0  2 -1  6
   30313  K*1680(0)             1.71700   0.32200  3  0  1  0  0  2  0  6
  -30313  Anti-K*1680(0)        1.71700   0.32200  3  0 -1  0  0  2  0  6
   30213  rho1700(+)           1.72000   0.25000  3  0  0  0  0  3  1  4
   30113  rho1700(0)           1.72000   0.25000  3  0  0  0  0  3  0  4
  -30213  rho1700(-)           1.72000   0.25000  3  0  0  0  0  3 -1  4
   32124  p-1720                  1.72000   0.20000  4  1  0  0  0  2  1 11
   31214  n-1720                  1.72000   0.20000  4  1  0  0  0  2  0 11
   23222  Sigma(+)1750          1.75000   0.09000  2  1 -1  0  0  3  1  4
   23212  Sigma(0)1750          1.75000   0.09000  2  1 -1  0  0  3  0  5
   23112  Sigma(-)1750          1.75000   0.09000  2  1 -1  0  0  3 -1  4
   10325  K2-1770(+)             1.77300   0.18600  5  0  1  0  0  2  1  4
  -10325  K2-1770(-)             1.77300   0.18600  5  0 -1  0  0  2 -1  4
   10315  K2-1770(0)             1.77300   0.18600  5  0  1  0  0  2  0  4
  -10315  Anti-K2-1770(0)        1.77300   0.18600  5  0 -1  0  0  2  0  4
    3226  Sigma(+)1775          1.77500   0.12000  6  1 -1  0  0  3  1  7
    3216  Sigma(0)1775          1.77500   0.12000  6  1 -1  0  0  3  0  8
    3116  Sigma(-)1775          1.77500   0.12000  6  1 -1  0  0  3 -1  7
     327  K3*1780(+)            1.77600   0.15900  7  0  1  0  0  2  1  7
    -327  K3*1780(-)            1.77600   0.15900  7  0 -1  0  0  2 -1  7
     317  K3*1780(0)            1.77600   0.15900  7  0  1  0  0  2  0  7
    -317  Anti-K3*1780(0)       1.77600   0.15900  7  0 -1  0  0  2  0  7
   43122  Lambda-1800             1.80000   0.30000  2  1 -1  0  0  1  0 10
   53122  Lambda-1810             1.81000   0.15000  2  1 -1  0  0  1  0  7
 910211  Pion1800(+)           1.81200   0.20700  1  0  0  0  0  3  1  4
 910111  Pion1800(0)           1.81200   0.20700  1  0  0  0  0  3  0  4
-910211  Pion1800(-)           1.81200   0.20700  1  0  0  0  0  3 -1  4
   20325  K2-1820-(+)             1.81600   0.27600  5  0  1  0  0  2  1  8
  -20325  K2-1820(-)             1.81600   0.27600  5  0 -1  0  0  2 -1  8
   20315  K2-1820(0)             1.81600   0.27600  5  0  1  0  0  2  0  8
  -20315  Anti-K2-1820(0)        1.81600   0.27600  5  0 -1  0  0  2  0  8
    3126  Lambda1820             1.82000   0.08000  6  1 -1  0  0  1  0  8
   13324  Xsi(0)1820            1.82300   0.02400  4  1 -2  0  0  2  0  7
   13314  Xsi(-)1820            1.82300   0.02400  4  1 -2  0  0  2 -1  7
   13126  Lambda1830             1.83000   0.09500  6  1 -1  0  0  1  0  8
     337  phi3-1850               1.85400   0.08700  7  0  0  0  0  1  0  6
   23124  Lambda1890             1.89000   0.10000  4  1 -1  0  0  1  0 10
    2226  Delta1905(++)         1.89000   0.33000  6  1  0  0  0  4  2  4
    2126  Delta1905(+)          1.89000   0.33000  6  1  0  0  0  4  1  7
    1216  Delta1905(0)          1.89000   0.33000  6  1  0  0  0  4  0  7
    1116  Delta1905(-)          1.89000   0.33000  6  1  0  0  0  4 -1  4
   22222  Delta1910(++)         1.91000   0.25000  2  1  0  0  0  4  2  5
   22122  Delta1910(+)          1.91000   0.25000  2  1  0  0  0  4  1  9
   21212  Delta1910(0)          1.91000   0.25000  2  1  0  0  0  4  0  9
   21112  Delta1910(-)          1.91000   0.25000  2  1  0  0  0  4 -1  5
   13226  Sigma(+)1915          1.91500   0.12000  6  1 -1  0  0  3  1  6
   13216  Sigma(0)1915          1.91500   0.12000  6  1 -1  0  0  3  0  7
   13116  Sigma(-)1915          1.91500   0.12000  6  1 -1  0  0  3 -1  6
   22224  Delta1920(++)         1.92000   0.20000  4  1  0  0  0  4  2  5
   22214  Delta1920(+)          1.92000   0.20000  4  1  0  0  0  4  1  9
   22114  Delta1920(0)          1.92000   0.20000  4  1  0  0  0  4  0  9
   21114  Delta1920(-)          1.92000   0.20000  4  1  0  0  0  4 -1  5
    2228  Delta1950(++)         1.93000   0.28500  8  1  0  0  0  4  2  5
    2218  Delta1950(+)          1.93000   0.28500  8  1  0  0  0  4  1  9
    2118  Delta1950(0)          1.93000   0.28500  8  1  0  0  0  4  0  9
    1118  Delta1950(-)          1.93000   0.28500  8  1  0  0  0  4 -1  5
   23224  Sigma(+)1940          1.94000   0.22000  4  1 -1  0  0  3  1 10
   23214  Sigma(0)1940          1.94000   0.22000  4  1 -1  0  0  3  0 12
   23114  Sigma(-)1940          1.94000   0.22000  4  1 -1  0  0  3 -1 10
 950225  f2-1950                 1.94500   0.47500  5  0  0  0  0  1  0  9
   23324  Xsi(0)1950            1.95000   0.06000  4  1 -2  0  0  2  0  3
   23314  Xsi(-)1950            1.95000   0.06000  4  1 -2  0  0  2 -1  3
   12226  Delta1930(++)         1.96000   0.36000  6  1  0  0  0  4  2  1
   12126  Delta1930(+)          1.96000   0.36000  6  1  0  0  0  4  1  2
   11216  Delta1930(0)          1.96000   0.36000  6  1  0  0  0  4  0  2
   11116  Delta1930(-)          1.96000   0.36000  6  1  0  0  0  4 -1  1
 960225  f2-2010                 2.01100   0.20200  5  0  0  0  0  1  0  1
   13334  Omega2250              2.25200   0.05500  4  1 -3  0  0  1 -1  2