0.000000e+00
3.141593e-02
9.424778e-02
1.570796e-01
2.199115e-01
2.827433e-01
3.455752e-01
4.084070e-01
4.712389e-01
5.340708e-01
5.969026e-01
6.597345e-01
7.225663e-01
7.853982e-01
8.482300e-01
9.110619e-01
9.738937e-01
1.036726e+00
1.099557e+00
1.162389e+00
1.225221e+00
1.288053e+00
1.350885e+00
1.413717e+00
1.476549e+00
1.539380e+00
1.602212e+00
1.665044e+00
1.727876e+00
1.790708e+00
1.853540e+00
1.916372e+00
1.979203e+00
2.042035e+00
2.104867e+00
2.167699e+00
2.230531e+00
2.293363e+00
2.356194e+00
2.419026e+00
2.481858e+00
2.544690e+00
2.607522e+00
2.670354e+00
2.733186e+00
2.796017e+00
2.858849e+00
2.921681e+00
2.984513e+00
3.047345e+00
3.110177e+00
3.173009e+00
3.235840e+00
3.298672e+00
3.361504e+00
3.424336e+00
3.487168e+00
3.550000e+00
3.612832e+00
3.675663e+00
3.738495e+00
3.801327e+00
3.864159e+00
3.926991e+00
3.989823e+00
4.052655e+00
4.115486e+00
4.178318e+00
4.241150e+00
4.303982e+00
4.366814e+00
4.429646e+00
4.492477e+00
4.555309e+00
4.618141e+00
4.680973e+00
4.743805e+00
4.806637e+00
4.869469e+00
4.932300e+00
4.995132e+00
5.057964e+00
5.120796e+00
5.183628e+00
5.246460e+00
5.309292e+00
5.372123e+00
5.434955e+00
5.497787e+00
5.560619e+00
5.623451e+00
5.686283e+00
5.749115e+00
5.811946e+00
5.874778e+00
5.937610e+00
6.000442e+00
6.063274e+00
6.126106e+00
6.188938e+00
6.251769e+00
6.283185e+00
