0.0
0.015
0.045
0.075
0.105
0.135
0.165
0.195
0.225
0.255
0.285
0.315
0.345
0.375
0.405
0.435
0.465
0.495
0.525
0.555
0.585
0.615
0.645
0.675
0.705
0.735
0.765
0.795
0.825
0.855
0.885
0.915
0.945
0.975
1.005
1.035
1.065
1.095
1.125
1.155
1.185
1.215
1.245
1.275
1.305
1.335
1.365
1.395
1.425
1.455
1.485
1.515
1.545
1.575
1.605
1.635
1.665
1.695
1.725
1.755
1.785
1.815
1.845
1.875
1.905
1.935
1.965
1.995
2.025
2.055
2.085
2.115
2.145
2.175
2.205
2.235
2.265
2.295
2.325
2.355
2.385
2.415
2.445
2.475
2.505
2.535
2.565
2.595
2.625
2.655
2.685
2.715
2.745
2.775
2.805
2.835
2.865
2.895
2.925
2.955
2.985
3.0
