21	20
0	0.070539889691988753367	0.16874680185111386215
0	0.37212681800161144379	0.29125436200606828172
0	0.91658210248327356467	0.26668610286700128855
0	1.7073065310283438807	0.16600245326950684003
0	2.7491992553094321296	0.07482606466879237054
0	4.0489253138508869224	0.024964417309283221073
0	5.6151749708616165141	0.0062025508445722368474
0	7.4590174536710633098	0.001144962386476908242
0	9.5943928695810967725	0.00015574177302781197478
0	12.03880254696431631	0.000015401440865224915689
0	14.814293442630739979	1.0864863665179823515e-6
0	17.948895520519376017	5.3301209095567147509e-8
0	21.478788240285010976	1.7579811790505820036e-9
0	25.451702793186905504	3.7255024025123208726e-11
0	29.932554631700612007	4.7675292515781905245e-13
0	35.013434240479000006	3.3728442433624384124e-15
0	40.833057056728571062	1.155014339500398831e-17
0	47.61999404734650214	1.5395221405823435535e-20
0	55.810795750063898891	5.2864427255691578288e-24
0	66.524416525615753819	1.6564566124990232959e-28
1	0.17490675238661462808	0.043165637127123016042
1	0.58730308063826856398	0.1733935400036829505
1	1.2382251018342362541	0.27686390197240978825
1	2.1313962600769333664	0.25696514879346962331
1	3.2721331335169871751	0.15719580515586286163
1	4.6674944658883556031	0.066900863619531832013
1	6.3265361976738361974	0.020301206684419844966
1	8.2606709520137285008	0.0044331674291972079917
1	10.484167381208228499	0.00069623862451405933641
1	13.014848772152628434	0.000078005012015230761706
1	15.875087012784754848	6.1411804007204543466e-6
1	19.093251907606250614	3.3216014376454322967e-7
1	22.7058938881731319	1.1959014584009078198e-8
1	26.761170229379413656	2.7440889322439501662e-10
1	31.324516137007526279	3.7769340269412110656e-12
1	36.48870334614904729	2.8584518010325666186e-14
1	42.39342274577448785	1.0427713161644352048e-16
1	49.268813849868485434	1.4763788135258949583e-19
1	57.554420971314804092	5.3790385783635671802e-23
1	68.377037814552280817	1.7931605230594031993e-27
2	0.30713030449433458782	0.028045547579310043326
2	0.82671116019541575664	0.19009986758945737902
2	1.5801236748240223804	0.4482827043797567495
2	2.5719669210344059791	0.56231744128449456462
2	3.8080377553304242113	0.43782023215688387406
2	5.2957813385708740928	0.22725641118202038892
2	7.0445977004594117415	0.081497353883286753088
2	9.0662191178153444839	0.020531585378405573759
2	11.375220078771874714	0.0036506945731492668201
2	13.989724926712798672	0.0004561659865731272363
2	16.932411393991265963	0.000039568251820362288557
2	20.231971584801627102	2.3345448848813134463e-6
2	23.925310505380243591	9.0934663707078512713e-8
2	28.060995738545914332	2.2420541414230366339e-9
2	32.704966371571631847	3.2972741791668394063e-11
2	37.950658303403634889	2.6541799641843548566e-13
2	43.938717535583635735	1.0262078187515314366e-15
2	50.900824090462422347	1.536212035356379976e-18
2	59.2794680217571272	5.91331156548931674e-22
2	70.209163476293590375	2.0884244786089446187e-26
3	0.46370782790373323452	0.032175523548689894035
3	1.0879365342528900453	0.31985447258210776965
3	1.9405712784389576973	1.0169815413585005822
3	3.027812109866941466	1.6217463112774385879
3	4.3560914219617323694	1.5389159723159192168
3	5.9332762369167235683	0.94350672791587640516
3	7.769111374415115925	0.39018312307854083567
3	9.8756380549276704953	0.11124448373660780825
3	12.267722251442431294	0.02205130231454353615
3	14.963774224283484363	0.0030344693323113967509
3	17.986762666457521848	0.00028697866656075817137
3	21.365687646522072614	0.000018307672263664985235
3	25.137794886052646892	7.6572769094505365666e-7
3	29.352048579944572913	2.0155325814139498085e-8
3	34.074877594457856037	3.1492890430670171295e-10
3	39.400366486161910754	2.6829183017865242835e-12
3	45.470097552177351329	1.0945241426193170192e-14
3	52.517264953775725021	1.7254042031267574984e-17
3	60.987258759214974563	6.9904129151010991476e-21
3	72.022199560825687571	2.6057993361062917579e-25
4	0.64213248527444626441	0.05554010868754105662
4	1.3689504083008093635	0.74697508369010272266
4	2.3180247754073767073	3.0227571425527306478
4	3.4977897206592333066	5.8775731625484642643
4	4.9154830087829395577	6.5890531745956574519
4	6.5794461369656446972	4.6587004360184342114
4	8.4997818998698949489	2.1801690135562691812
4	10.688838501466587627	0.6928494399606351988
4	13.161765315346900918	0.15121686166297836625
4	15.937248013481380917	0.022681106648827211387
4	19.038534902999370999	0.0023184437960984893258
4	22.4949224614902706	0.00015874112968710378816
4	26.343985512700829205	7.0838945896726234689e-6
4	30.635073035223966157	1.9795819425709795791e-7
4	35.435091177975865285	3.270306675237720387e-9
4	40.838759097159017562	2.9357402642851579078e-11
4	46.988577976531215075	1.258785646550254489e-13
4	54.11923130669616117	2.0821628874261226485e-16
4	62.678965623745964391	8.8491378845511300862e-20
4	73.817398639922125248	3.4700598479868877273e-24
5	0.84044684611733514222	0.13165487806398689498
5	1.6680528342458559112	2.2719158569726297684
5	2.7111296437669123574	11.243698084930803025
5	3.9808625829750617472	25.865125721744913044
5	5.4854526151645568265	33.463950362266087723
5	7.2337721153603971595	26.785129577034408724
5	9.2363008058225244449	13.974546654164486804
5	11.505697089975280387	4.8899878958558450639
5	14.057389894873936131	1.1631893497143125556
5	16.910333206710867173	0.18853926569755572512
5	20.0880463533727992	0.020678659219372710557
5	23.620112918915924669	0.0015100413807410953887
5	27.54442709142618972	0.000071504663395423426304
5	31.910712400612328661	2.111224718090946959e-6
5	36.786341180965686683	3.6719166342805714128e-8
5	42.266654414193903049	3.4602031017503583928e-10
5	48.495056031701113974	1.5540087561133614796e-12
5	55.707695476113253398	2.6886516563689630478e-15
5	64.355634241138243107	1.1950661041447442993e-18
5	75.595882256547830259	4.9149624236807471814e-23
6	1.0570476542516988263	0.40393128754332037617
6	1.9838016036276232665	8.6129469023952825961
6	3.1187016644442831083	50.629252272319860189
6	4.4761012766521310956	134.67969013111400795
6	6.0653031690064124602	197.4770838398325498
6	7.8957647427515692188	176.3306197920118081
6	9.9783635310191580275	101.33217189817963328
6	12.326074145884542543	38.651903502464592283
6	14.954603943062204241	9.9359969709320586538
6	17.883170536830822497	1.7278662333288128931
6	21.135557756058050822	0.20207628228183348868
6	24.741628761883821973	0.015653312470262726882
6	28.739588894746055981	0.00078280874906322504334
6	33.179527336096461266	0.000024318361074105219561
6	38.129272704660300771	4.4362168793862370807e-7
6	43.684776153876575571	4.3736048109768334376e-9
6	49.990329355469967324	2.0510566564849328434e-11
6	57.283525630927061505	3.7012179345501821844e-14
6	66.018201814133547643	1.7159424192935975068e-17
6	77.358659324617711859	7.3814931580613008841e-22
7	1.2905819591442493784	1.5389191416338884949
7	2.3149569026575744452	39.416629970209059383
7	3.5397020798578423681	269.1351459106658588
7	4.9826755667264500741	813.24142750062214672
7	6.6544007215795487802	1331.9861859253628181
7	8.5649694339734486284	1311.0816759686846738
7	10.725677812136613509	821.69006975291909076
7	13.149823997296543497	338.79875732112535867
7	15.853394327297728779	93.448673425006335357
7	18.855867028782193687	17.327811480055384252
7	22.181285450172590841	2.1493626640226419628
7	25.85978617846842929	0.17578820488474512254
7	29.929878722187939205	0.0092458376436295262027
7	34.442010118096860623	0.00030109575237777237783
7	39.464456381119219582	5.7420737968886895496e-6
7	45.093768153755589095	5.9049283188696703133e-8
7	51.475110844160229242	2.8836963408346593219e-10
7	58.847500763051027756	5.4137237044181747972e-13
7	67.667512222420091362	2.6115522974763428538e-16
7	79.106641337115829857	1.1721530540454903896e-20
8	1.5398845517931017846	7.0611237844551633459
8	2.6604403895351163964	212.52221974849105626
8	3.97321473591164033	1656.1375789767783709
8	5.4998430989116634387	5603.8247786819586727
8	7.2521704209398610491	10132.388661326380068
8	9.2409671240232113333	10886.480742661861038
8	11.477967505063032461	7379.3115368653551486
8	13.976800975437670708	3265.7366605177078155
8	16.753734390301550104	960.621251639679617
8	19.828504711925252075	188.92625535733245376
8	23.22541095992263003	24.740225953651935679
8	26.974858062113786503	2.1276259833123289803
8	31.115653695061371463	0.11726804271773811373
8	35.698595864096219563	0.003990288131744073771
8	40.792399948945569713	0.000079319312150070883901
8	46.494206238831103843	8.4856156517067351421e-7
8	52.95004076336027208	4.3047421207639390974e-9
8	60.400323006485300782	8.3883276069058971325e-12
8	69.304328523554693681	4.2011265634136964408e-15
8	80.840655033786952661	1.96300872837505709e-19
9	1.8039369312534090453	38.114441293317642754
9	3.0193047653957135109	1324.4477039208142491
9	4.4184268219984682955	11613.298188895143651
9	6.026938284491128081	43491.255083933084566
9	7.8580910692730952831	85967.720885697936005
9	9.9233728009150553809	99994.329014211841848
9	12.234973960364161784	72794.438142123719299
9	14.806862870575883772	34368.774672569131428
9	17.655588964008166673	10724.827638194650702
9	20.801146825665440751	2226.9020485187909313
9	24.268088129476323504	306.61691558551314919
9	28.087081883544035751	27.62713535177627658
9	32.297228721894894586	1.5905636670442496854
9	36.949671482592275299	0.056387751310002851505
9	42.113557603746523606	0.0011652802332049180668
9	47.88660790708560223	0.000012937528486036254003
9	54.415696717318335567	6.8026932897082677657e-8
9	61.942627850845372395	1.3730521133669903124e-10
9	70.929343381300505021	7.1251639923039244697e-14
9	82.561453028255609465	3.4588615818818461198e-18
10	2.0818386901363497912	237.58166553535688989
10	3.3907107472037303902	9395.1842335739267968
10	4.8746130545874925341	91615.445870316541026
10	6.5633623023635809122	376049.43113349337572
10	8.4716894943434277605	805970.75423173941015
10	10.611833128973310423	1.0078221506894604153e6
10	12.996456088248640171	783222.46319781480384
10	15.639872857077738049	392446.95737288777241
10	18.558917734209513938	129323.28057193473318
10	21.773842315545447355	28236.387918816754889
10	25.30944852121811356	4073.2112977415654879
10	29.196665817929812344	383.30173556545989944
10	33.474883221707030634	22.984957706526068012
10	38.195582889355102382	0.84676448637487653868
10	43.42833762645940652	0.018149122924186816907
10	49.271440305922556421	0.0002086667406552783496
10	55.872601922883751131	1.1349490769187261839e-6
10	63.474992673262964825	2.3683105448647391458e-9
10	72.543187826322261485	1.2710703483449909864e-12
10	84.269722782249769374	6.3984531980998352476e-17
11	2.3727866261277330359	1684.7529190188194811
11	3.7739093050498846502	74911.6599093683074
11	5.3411227575229408383	804444.66335674339213
11	7.1085744156268628435	3.5894933202557172634e6
11	9.0925352411024495222	8.2834955812619374596e6
11	11.306023773009276023	1.106865352173023575e7
11	13.76218973659938985	9.1350911731476640312e6
11	16.475700486334805168	4.8357325475106430997e6
11	19.463677516578542057	1.6760538194809900772e6
11	22.746629140126590963	383443.0637267721988
11	26.349605559923879013	57768.033806189235823
11	30.30379357624925623	5661.3924750229126535
11	34.648866524933096278	352.69713672666045175
11	39.436640884888727403	13.470889596248507929
11	44.737108663207304809	0.29882250751393118523
11	50.649126855066860901	0.0035508824566729290274
11	57.321232128022602486	0.000019941602609543629578
11	64.997943915229872953	4.2946587809173845815e-8
11	74.146438663900689356	2.3798809226161969573e-11
11	85.966094230499235621	1.2401629374509204491e-15
12	2.6760589486898456353	13424.505190173576024
12	4.1682277121805284322	664369.5533705561764
12	5.8173692816171008638	7.791557745209217459e6
12	7.6620845378296917286	3.7529503475471477449e7
12	9.7202357670082123677	9.2693362998179520069e7
12	12.005646723530620109	1.3167007828692642777e8
12	14.531966730344357008	1.1488155723136802155e8
12	17.314222109304962305	6.3991114048210999527e7
12	20.369823802401435507	2.3245608032246229817e7
12	23.719536735936332278	5.554792513214222254e6
12	27.388657756208503055	871543.96230920944451
12	31.408628259788552007	88726.606226651518667
12	35.819402257203454756	5729.3952332158239763
12	40.673125985681163045	226.39521312183573313
12	46.040204937933162269	5.1876635606647982997
12	52.020052787081970554	0.063598408618753968787
12	58.762021437086899376	0.00036816895418517862975
12	66.511963158533080672	8.1702560784067358808e-7
12	75.739624775499644162	4.6675566931853886291e-10
12	87.651146296140483868	2.5138581340212834075e-14
13	2.9910030043227065967	118963.207089679188
13	4.5730584119072957999	6.4958112661550296174e6
13	6.3028212903541222228	8.2605922097823500334e7
13	8.2234469014201068492	4.2691275835094184378e8
13	10.354432180205830414	1.1226469011869566512e9
13	12.710427764768541531	1.6875845750971332555e9
13	15.305593768086998115	1.5503932076707981341e9
13	18.155320951207445088	9.0552449121156734684e8
13	21.277311807752344265	3.4368069148220220868e8
13	24.692587876907923424	8.5541632505493851303e7
13	28.426691243814029863	1.3942393966746789413e7
13	32.51131546819391885	1.4710888215198014314e6
13	36.986691931203298457	98257.938532133829507
13	41.9052924289725675	4009.2618496649457307
13	47.337930612101487354	94.731813922008417825
13	53.384569814598213889	1.1962324989855198912
13	60.195367247054306694	0.0071274047232445455971
13	68.017492299934546103	0.00001627456802373092578
13	77.323232509518789355	9.5713930913247756987e-9
13	89.325412487675527628	5.3200503880810471839e-13
14	3.3170255232689886556	1.1621835434959229773e6
14	4.9878500057341556094	6.9490339688233437148e7
14	6.7969955329220892919	9.5229834668394718268e8
14	8.7922546676316616198	5.2527618826760286879e9
14	10.994795497005571659	1.4639802835709489778e10
14	13.420114145455395529	2.3195566343626907988e10
14	16.0828912857313517	2.2359528555499140779e10
14	18.998886977168813126	1.365053284705282544e10
14	22.186097181292312649	5.3978735045203848805e9
14	25.665800092156957845	1.3958808970959198618e9
14	29.463781798565869448	2.3580873054447007125e8
14	33.61198583007382161	2.5733709450248730998e7
14	38.150917915123442469	1.7745446534190845892e6
14	43.133371518109504127	74639.868202357585666
14	48.630563456575729824	1815.6620107286532537
14	54.743000087143498183	23.580533027381289243
14	61.621634455306848492	0.14440302047994734786
14	69.514937982810900664	0.0003388155660604062167
14	78.897710317075520873	2.0486706225054617037e-7
14	90.989385730847566627	1.1735748167564441267e-11
15	3.6535847285518465541	1.2422847075782721959e7
15	5.4120998669790583921	8.0804214219185042749e8
15	7.299450807514491029	1.1868566820601780192e10
15	9.3681353291579454559	6.9548341134854325963e10
15	11.6410233705163943	2.0461032948399322884e11
15	14.134472470044066157	3.4049167114468447787e11
15	16.863692347300073405	3.4330703454949005887e11
15	19.844816636217452819	2.1846547075670606755e11
15	23.096136475321650019	8.9780828922983594875e10
15	26.639186757472843966	2.4067386856885704086e10
15	30.499996460902654112	4.2053328922170290201e9
15	34.710757081832516567	4.7377399578246762319e8
15	39.312245905364264233	3.3671864107607308989e7
15	44.357574436960466251	1.4576477627648536923e6
15	49.918357964202350317	36451.373926011489474
15	56.095639565674994491	486.2255892198691125
15	63.041159066300159084	3.0563801811251537386
15	71.004675412149971971	0.007359823935923102802
15	80.463472758103282375	4.5697530855089574113e-6
15	92.643522559433518502	2.6945122584058118986e-10
16	4.0001838553409583256	1.4435276588191804714e8
16	5.8453480197348221833	1.0154945448892926267e10
16	7.8097828831403568702	1.5910423991541331383e11
16	9.9507467767230002319	9.8642557659800381186e11
16	12.292837235505548457	3.0524250722684596273e12
16	14.853286806732353206	5.3181734911468191304e12
16	17.647841594393639191	5.5929137931057554386e12
16	20.693012538940289548	3.7004954497007047562e12
16	24.007387451583764399	1.5769051480145146097e12
16	27.612757942960017941	4.3730149677845022157e11
16	31.535394851759663785	7.888657127857986699e10
16	35.807735789392908634	9.1593037483031533336e9
16	40.470827001327415065	6.6986932960484140729e8
16	45.578094633225852524	2.9802253840648041569e7
16	51.20154800411439753	765110.1071043623715
16	57.442760916432378266	10469.032702615242744
16	64.454251298949162349	67.469274165091689282
16	72.487051654646689107	0.16654930244590023075
16	82.020903979206599485	0.00010607080977482770074
16	94.288246765890182902	6.4301460710632666628e-9
17	4.3563657609309424401	1.8130786989865528895e9
17	6.2871720167414293884	1.3723696129038324303e11
17	8.3276201988139709474	2.283879892176884885e12
17	10.539773921016126589	1.4926790872782427872e13
17	12.949979815828745585	4.8428428421845191867e13
17	15.576356998493698489	8.8090389842183693222e13
17	18.435194269006424521	9.6384577259345002589e13
17	21.543383103809370628	6.6155549043012174147e13
17	24.919809271250186796	2.9172072500013177801e13
17	28.586521076508705422	8.3534322487131131008e12
17	32.570030248768241504	1.5531044639275249091e12
17	36.903018784936072643	1.855550599440311919e11
17	41.626799458069530379	1.3944709265498545799e10
17	46.795109848969774169	6.3674463037049731738e8
17	52.480349097842900164	1.6761624813179057864e7
17	58.784616005384616931	234991.83235517813865
17	65.861198276762089063	1550.9708449140879922
17	73.962388506375228583	3.920637333572042285
17	83.570360745953899116	0.0025584846556498196137
17	95.923952594538046642	1.592826315821042097e-7
18	4.7217083931672111389	2.4491816016375906532e10
18	6.7371826157969464052	1.985550438254645954e12
18	8.8526201978554743312	3.4965274438676606245e13
18	11.134925779850581394	2.4011758535532533813e14
18	13.612212945405957934	8.1445437973245865482e14
18	16.303497159123519425	1.5427665786398451473e15
18	19.225615314735251275	1.7522368760538024719e15
18	22.395842194192461014	1.2450778158862468251e15
18	25.833362603603287168	5.6708016914858308176e14
18	29.560481466825116431	1.6738950459257894889e14
18	33.603950473300367158	3.2026087847182045073e13
18	37.996694374210162112	3.9316012643898161999e12
18	42.780290176083090181	3.0320966397583899441e11
18	48.008783860378692497	1.4192678971255026695e10
18	53.754960381255803002	3.826439403176102755e8
18	60.1214380587612355	5.4905820740944372649e6
18	67.262266367275138489	37074.61529731354457
18	75.43098499533980691	95.877724415078160859
18	85.112175097421476583	0.064046159958429669956
18	97.551007545418421051	4.0906628412680423927e-6
19	5.0958209448933740005	3.5425020041153275884e11
19	7.1950201017380763551	3.0632639366533528262e13
19	9.384466184825349021	5.6887742327345955013e14
19	11.735932956115288051	4.0928465088264563649e15
19	14.279315659439248775	1.4476218157109031953e16
19	17.034534335272274057	2.8490126789771343659e16
19	20.018978555918590424	3.3519918411494973455e16
19	23.250308759679675849	2.4611627398957349991e16
19	26.748009677724483226	1.1558408970911533123e16
19	30.534642718419865901	3.5115164790722995665e15
19	34.637198626899672855	6.9038715702459831121e14
19	39.088843357622712731	8.6972603946158647805e13
19	43.931415974979560074	6.8748907257265735314e12
19	49.219267976239291737	3.2950495461888642177e11
19	55.025566303890833031	9.0889257973417163276e9
19	61.453443542815894357	1.3334894573360508929e8
19	68.657703225138416251	920327.51165995129844
19	76.893119574165519615	2432.6096184218095564
19	86.646656678935599202	1.6618856767458562268
19	99.169754845286274484	0.00010879262351236954858
20	5.4783405638499847257	5.464674138341614687e12
20	7.6603511356165636563	5.021552897342864798e14
20	9.9228646155309503365	9.8043729757405116176e15
20	12.342545445153016102	7.3704704807671350252e16
20	14.951082518318639159	2.7120373667665244656e17
20	17.769307316010346289	5.5339251167477232551e17
20	20.815165951242830677	6.7319477554590355646e17
20	24.106706489923196092	5.0988401534932701139e17
20	27.663714294426707821	2.4652690248610016058e17
20	31.50900706280369296	7.6976172581175915206e16
20	35.669813706790982402	1.5531331439567671693e16
20	40.179539899043425463	2.0053859107525690309e15
20	45.080284688304546874	1.6229458670818425436e14
20	50.426702334946478396	7.9564741930794858609e12
20	56.29233810751424741	2.2431848356061792891e11
20	62.780833806239117072	3.361960106364647157e9
20	70.047739583514407627	2.3694919243173288393e7
20	78.349052048569224808	63958.983686980103492
20	88.174094799426091999	44.649147475923503657
20	100.78051563277555013	0.0029930765705938624495
