0.0
0.015
0.03
0.045
0.06
0.075
0.09
0.105
0.12
0.135
0.15
0.165
0.18
0.195
0.21
0.225
0.24
0.255
0.27
0.285
0.3
0.315
0.33
0.345
0.36
0.375
0.39
0.405
0.42
0.435
0.45
0.465
0.48
0.495
0.51
0.525
0.54
0.555
0.57
0.585
0.6
0.615
0.63
0.645
0.66
0.675
0.69
0.705
0.72
0.735
0.75
0.765
0.78
0.795
0.81
0.825
0.84
0.855
0.87
0.885
0.9
0.915
0.93
0.945
0.96
0.975
0.99
1.005
1.02
1.035
1.05
1.065
1.08
1.095
1.11
1.125
1.14
1.155
1.17
1.185
1.2
1.215
1.23
1.245
1.26
1.275
1.29
1.305
1.32
1.335
1.35
1.365
1.38
1.395
1.41
1.425
1.44
1.455
1.47
1.485
1.5
1.515
1.53
1.545
1.56
1.575
1.59
1.605
1.62
1.635
1.65
1.665
1.68
1.695
1.71
1.725
1.74
1.755
1.77
1.785
1.8
1.815
1.83
1.845
1.86
1.875
1.89
1.905
1.92
1.935
1.95
1.965
1.98
1.995
2.01
2.025
2.04
2.055
2.07
2.085
2.1
2.115
2.13
2.145
2.16
2.175
2.19
2.205
2.22
2.235
2.25
2.265
2.28
2.295
2.31
2.325
2.34
2.355
2.37
2.385
2.4
2.415
2.43
2.445
2.46
2.475
2.49
2.505
2.52
2.535
2.55
2.565
2.58
2.595
2.61
2.625
2.64
2.655
2.67
2.685
2.7
2.715
2.73
2.745
2.76
2.775
2.79
2.805
2.82
2.835
2.85
2.865
2.88
2.895
2.91
2.925
2.94
2.955
2.97
2.985
3.0
