 1.79963000e+02	 1.79282614e+02	 1.71466735e+02	 1.40443313e+02	 9.24880559e+01	 5.08312650e+01	 2.41113755e+01	 9.80058224e+00	 3.20865934e+00	 6.74128495e-01	 0.00000000e+00	 0.00000000e+00	 0.00000000e+00	 0.00000000e+00	 0.00000000e+00	
 1.79962951e+02	 1.79282361e+02	 1.71466251e+02	 1.40442799e+02	 9.24876625e+01	 5.08310101e+01	 2.41112309e+01	 9.80051504e+00	 3.20863770e+00	 6.74126322e-01	 0.00000000e+00	 0.00000000e+00	 0.00000000e+00	 0.00000000e+00	 0.00000000e+00	
 1.79962865e+02	 1.79281912e+02	 1.71465338e+02	 1.40441711e+02	 9.24867564e+01	 5.08304090e+01	 2.41109017e+01	 9.80038330e+00	 3.20862152e+00	 6.74155660e-01	 0.00000000e+00	 0.00000000e+00	 0.00000000e+00	 0.00000000e+00	 0.00000000e+00	
 1.79962745e+02	 1.79281279e+02	 1.71463930e+02	 1.40439792e+02	 9.24850193e+01	 5.08292284e+01	 2.41102696e+01	 9.80016118e+00	 3.20863984e+00	 6.74264378e-01	 0.00000000e+00	 0.00000000e+00	 0.00000000e+00	 0.00000000e+00	 0.00000000e+00	
 1.79962598e+02	 1.79280482e+02	 1.71461960e+02	 1.40436729e+02	 9.24820574e+01	 5.08271718e+01	 2.41091765e+01	 9.79980463e+00	 3.20871814e+00	 6.74503560e-01	 0.00000000e+00	 0.00000000e+00	 0.00000000e+00	 0.00000000e+00	 0.00000000e+00	
 1.79962432e+02	 1.79279554e+02	 1.71459389e+02	 1.40432251e+02	 9.24775065e+01	 5.08239608e+01	 2.41074720e+01	 9.79927052e+00	 3.20887841e+00	 6.74918220e-01	 0.00000000e+00	 0.00000000e+00	 0.00000000e+00	 0.00000000e+00	 0.00000000e+00	
 1.79962257e+02	 1.79278544e+02	 1.71456254e+02	 1.40426263e+02	 9.24712088e+01	 5.08194829e+01	 2.41051169e+01	 9.79857842e+00	 3.20916959e+00	 6.75558376e-01	 0.00000000e+00	 0.00000000e+00	 0.00000000e+00	 0.00000000e+00	 0.00000000e+00	
 1.79962087e+02	 1.79277521e+02	 1.71452732e+02	 1.40419032e+02	 9.24634422e+01	 5.08139886e+01	 2.41023241e+01	 9.79790076e+00	 3.20972127e+00	 6.76512029e-01	 0.00000000e+00	 0.00000000e+00	 0.00000000e+00	 0.00000000e+00	 0.00000000e+00	
 1.79961935e+02	 1.79276580e+02	 1.71449188e+02	 1.40411355e+02	 9.24551225e+01	 5.08082301e+01	 2.40996199e+01	 9.79756456e+00	 3.21071856e+00	 6.77881471e-01	 0.00000000e+00	 0.00000000e+00	 0.00000000e+00	 0.00000000e+00	 0.00000000e+00	
 1.79961818e+02	 1.79275838e+02	 1.71446193e+02	 1.40404624e+02	 9.24478311e+01	 5.08033700e+01	 2.40976361e+01	 9.79777748e+00	 3.21212121e+00	 6.79544346e-01	 0.00000000e+00	 0.00000000e+00	 0.00000000e+00	 0.00000000e+00	 0.00000000e+00	
 1.79961755e+02	 1.79275427e+02	 1.71444462e+02	 1.40400651e+02	 9.24435475e+01	 5.08006269e+01	 2.40966973e+01	 9.79819877e+00	 3.21325562e+00	 6.80797698e-01	 0.00000000e+00	 0.00000000e+00	 0.00000000e+00	 0.00000000e+00	 0.00000000e+00	
 1.79961763e+02	 1.79275480e+02	 1.71444689e+02	 1.40401174e+02	 9.24441106e+01	 5.08009820e+01	 2.40968097e+01	 9.79812894e+00	 3.21309130e+00	 6.80619288e-01	 0.00000000e+00	 0.00000000e+00	 0.00000000e+00	 0.00000000e+00	 0.00000000e+00	
 1.79961859e+02	 1.79276103e+02	 1.71447284e+02	 1.40407098e+02	 9.24505081e+01	 5.08051293e+01	 2.40983134e+01	 9.79763264e+00	 3.21153657e+00	 6.78872159e-01	 0.00000000e+00	 0.00000000e+00	 0.00000000e+00	 0.00000000e+00	 0.00000000e+00	
 1.79962059e+02	 1.79277350e+02	 1.71452108e+02	 1.40417705e+02	 9.24620076e+01	 5.08129836e+01	 2.41018320e+01	 9.79780853e+00	 3.20985768e+00	 6.76717509e-01	 0.00000000e+00	 0.00000000e+00	 0.00000000e+00	 0.00000000e+00	 0.00000000e+00	
 1.79962371e+02	 1.79279202e+02	 1.71458335e+02	 1.40430294e+02	 9.24754681e+01	 5.08225129e+01	 2.41067062e+01	 9.79903815e+00	 3.20896240e+00	 6.75116362e-01	 0.00000000e+00	 0.00000000e+00	 0.00000000e+00	 0.00000000e+00	 0.00000000e+00	
 1.79962800e+02	 1.79281569e+02	 1.71464593e+02	 1.40440728e+02	 9.24858828e+01	 5.08298186e+01	 2.41105845e+01	 9.80026898e+00	 3.20862605e+00	 6.74205190e-01	 0.00000000e+00	 0.00000000e+00	 0.00000000e+00	 0.00000000e+00	 0.00000000e+00	
 1.79963343e+02	 1.79284312e+02	 1.71469409e+02	 1.40444950e+02	 9.24885906e+01	 5.08315155e+01	 2.41116915e+01	 9.80099566e+00	 3.20910530e+00	 6.74531731e-01	 0.00000000e+00	 0.00000000e+00	 0.00000000e+00	 0.00000000e+00	 0.00000000e+00	
 1.79963990e+02	 1.79287285e+02	 1.71471809e+02	 1.40440828e+02	 9.24816835e+01	 5.08269192e+01	 2.41105035e+01	 9.80234313e+00	 3.21163367e+00	 6.77084465e-01	 0.00000000e+00	 0.00000000e+00	 0.00000000e+00	 0.00000000e+00	 0.00000000e+00	
 1.79964724e+02	 1.79290375e+02	 1.71471768e+02	 1.40429182e+02	 9.24666240e+01	 5.08176061e+01	 2.41084444e+01	 9.80537269e+00	 3.21679844e+00	 6.82043203e-01	 0.00000000e+00	 0.00000000e+00	 0.00000000e+00	 0.00000000e+00	 0.00000000e+00	
 1.79965519e+02	 1.79293529e+02	 1.71470240e+02	 1.40413360e+02	 9.24467903e+01	 5.08050080e+01	 2.41050576e+01	 9.80844939e+00	 3.22257984e+00	 6.87631841e-01	 0.00000000e+00	 0.00000000e+00	 0.00000000e+00	 0.00000000e+00	 0.00000000e+00	
 1.79966346e+02	 1.79296733e+02	 1.71468729e+02	 1.40397763e+02	 9.24259366e+01	 5.07896547e+01	 2.40980150e+01	 9.80773578e+00	 3.22497773e+00	 6.90602720e-01	 0.00000000e+00	 0.00000000e+00	 0.00000000e+00	 0.00000000e+00	 0.00000000e+00	
 1.79967170e+02	 1.79299980e+02	 1.71468590e+02	 1.40386211e+02	 9.24080124e+01	 5.07737412e+01	 2.40876857e+01	 9.80247217e+00	 3.22286035e+00	 6.89961908e-01	 0.00000000e+00	 0.00000000e+00	 0.00000000e+00	 0.00000000e+00	 0.00000000e+00	
 1.79967955e+02	 1.79303218e+02	 1.71470458e+02	 1.40380695e+02	 9.23965293e+01	 5.07616564e+01	 2.40784354e+01	 9.79650063e+00	 3.21931955e+00	 6.87956811e-01	 0.00000000e+00	 0.00000000e+00	 0.00000000e+00	 0.00000000e+00	 0.00000000e+00	
 1.79968664e+02	 1.79306324e+02	 1.71474064e+02	 1.40380871e+02	 9.23927729e+01	 5.07564962e+01	 2.40740401e+01	 9.79340496e+00	 3.21727774e+00	 6.86653599e-01	 0.00000000e+00	 0.00000000e+00	 0.00000000e+00	 0.00000000e+00	 0.00000000e+00	
 1.79969267e+02	 1.79309120e+02	 1.71478498e+02	 1.40384704e+02	 9.23954311e+01	 5.07584089e+01	 2.40754958e+01	 9.79442778e+00	 3.21788966e+00	 6.86960904e-01	 0.00000000e+00	 0.00000000e+00	 0.00000000e+00	 0.00000000e+00	 0.00000000e+00	
 1.79969735e+02	 1.79311400e+02	 1.71482690e+02	 1.40389776e+02	 9.24019288e+01	 5.07656763e+01	 2.40820736e+01	 9.79954680e+00	 3.22147128e+00	 6.89242380e-01	 0.00000000e+00	 0.00000000e+00	 0.00000000e+00	 0.00000000e+00	 0.00000000e+00	
 1.79970049e+02	 1.79312984e+02	 1.71485798e+02	 1.40394155e+02	 9.24091822e+01	 5.07749922e+01	 2.40911778e+01	 9.80709985e+00	 3.22707301e+00	 6.92968327e-01	 0.00000000e+00	 0.00000000e+00	 0.00000000e+00	 0.00000000e+00	 0.00000000e+00	
 1.79970198e+02	 1.79313753e+02	 1.71487343e+02	 1.40396527e+02	 9.24137348e+01	 5.07812891e+01	 2.40976292e+01	 9.81267747e+00	 3.23136200e+00	 6.95901697e-01	 0.00000000e+00	 0.00000000e+00	 0.00000000e+00	 0.00000000e+00	 0.00000000e+00	
 1.79970182e+02	 1.79313671e+02	 1.71487178e+02	 1.40396267e+02	 9.24132149e+01	 5.07805552e+01	 2.40968669e+01	 9.81201037e+00	 3.23084349e+00	 6.95543913e-01	 0.00000000e+00	 0.00000000e+00	 0.00000000e+00	 0.00000000e+00	 0.00000000e+00	
 1.79970010e+02	 1.79312788e+02	 1.71485407e+02	 1.40393577e+02	 9.24081409e+01	 5.07735975e+01	 2.40897789e+01	 9.80591289e+00	 3.22617531e+00	 6.92362509e-01	 0.00000000e+00	 0.00000000e+00	 0.00000000e+00	 0.00000000e+00	 0.00000000e+00	
 1.79969700e+02	 1.79311224e+02	 1.71482353e+02	 1.40389331e+02	 9.24012747e+01	 5.07648894e+01	 2.40813346e+01	 9.79895454e+00	 3.22104528e+00	 6.88965237e-01	 0.00000000e+00	 0.00000000e+00	 0.00000000e+00	 0.00000000e+00	 0.00000000e+00	
 1.79969273e+02	 1.79309148e+02	 1.71478547e+02	 1.40384756e+02	 9.23954863e+01	 5.07584643e+01	 2.40755436e+01	 9.79446366e+00	 3.21791374e+00	 6.86975651e-01	 0.00000000e+00	 0.00000000e+00	 0.00000000e+00	 0.00000000e+00	 0.00000000e+00	
 1.79968757e+02	 1.79306746e+02	 1.71474670e+02	 1.40381251e+02	 9.23928123e+01	 5.07563627e+01	 2.40738942e+01	 9.79329082e+00	 3.21718960e+00	 6.86585837e-01	 0.00000000e+00	 0.00000000e+00	 0.00000000e+00	 0.00000000e+00	 0.00000000e+00	
 1.79968182e+02	 1.79304191e+02	 1.71471412e+02	 1.40380216e+02	 9.23945762e+01	 5.07592813e+01	 2.40764798e+01	 9.79515285e+00	 3.21845681e+00	 6.87426923e-01	 0.00000000e+00	 0.00000000e+00	 0.00000000e+00	 0.00000000e+00	 0.00000000e+00	
 1.79967573e+02	 1.79301622e+02	 1.71469279e+02	 1.40382640e+02	 9.24012605e+01	 5.07668975e+01	 2.40825781e+01	 9.79926221e+00	 3.22101882e+00	 6.88955154e-01	 0.00000000e+00	 0.00000000e+00	 0.00000000e+00	 0.00000000e+00	 0.00000000e+00	
 1.79966957e+02	 1.79299131e+02	 1.71468442e+02	 1.40388682e+02	 9.24121847e+01	 5.07777112e+01	 2.40904859e+01	 9.80410893e+00	 3.22371034e+00	 6.90376109e-01	 0.00000000e+00	 0.00000000e+00	 0.00000000e+00	 0.00000000e+00	 0.00000000e+00	
 1.79966356e+02	 1.79296770e+02	 1.71468717e+02	 1.40397600e+02	 9.24257055e+01	 5.07894677e+01	 2.40979097e+01	 9.80769747e+00	 3.22497642e+00	 6.90613929e-01	 0.00000000e+00	 0.00000000e+00	 0.00000000e+00	 0.00000000e+00	 0.00000000e+00	
 1.79965786e+02	 1.79294563e+02	 1.71469672e+02	 1.40408061e+02	 9.24399464e+01	 5.08002821e+01	 2.41032568e+01	 9.80878666e+00	 3.22389219e+00	 6.89016525e-01	 0.00000000e+00	 0.00000000e+00	 0.00000000e+00	 0.00000000e+00	 0.00000000e+00	
 1.79965261e+02	 1.79292518e+02	 1.71470800e+02	 1.40418588e+02	 9.24534006e+01	 5.08093487e+01	 2.41064255e+01	 9.80770134e+00	 3.22091830e+00	 6.85983459e-01	 0.00000000e+00	 0.00000000e+00	 0.00000000e+00	 0.00000000e+00	 0.00000000e+00	
 1.79964790e+02	 1.79290641e+02	 1.71471676e+02	 1.40427938e+02	 9.24650700e+01	 5.08166527e+01	 2.41082368e+01	 9.80568220e+00	 3.21731871e+00	 6.82536823e-01	 0.00000000e+00	 0.00000000e+00	 0.00000000e+00	 0.00000000e+00	 0.00000000e+00	
 1.79964377e+02	 1.79288941e+02	 1.71472049e+02	 1.40435314e+02	 9.24743810e+01	 5.08223608e+01	 2.41094595e+01	 9.80378630e+00	 3.21414238e+00	 6.79516044e-01	 0.00000000e+00	 0.00000000e+00	 0.00000000e+00	 0.00000000e+00	 0.00000000e+00	
 1.79964023e+02	 1.79287429e+02	 1.71471858e+02	 1.40440427e+02	 9.24811299e+01	 5.08265676e+01	 2.41104176e+01	 9.80244798e+00	 3.21182272e+00	 6.77270500e-01	 0.00000000e+00	 0.00000000e+00	 0.00000000e+00	 0.00000000e+00	 0.00000000e+00	
 1.79963729e+02	 1.79286118e+02	 1.71471194e+02	 1.40443424e+02	 9.24854612e+01	 5.08293644e+01	 2.41111310e+01	 9.80164719e+00	 3.21033768e+00	 6.75791338e-01	 0.00000000e+00	 0.00000000e+00	 0.00000000e+00	 0.00000000e+00	 0.00000000e+00	
 1.79963490e+02	 1.79285015e+02	 1.71470230e+02	 1.40444738e+02	 9.24877960e+01	 5.08309430e+01	 2.41115554e+01	 9.80120256e+00	 3.20948005e+00	 6.74915719e-01	 0.00000000e+00	 0.00000000e+00	 0.00000000e+00	 0.00000000e+00	 0.00000000e+00	
 1.79963305e+02	 1.79284127e+02	 1.71469165e+02	 1.40444921e+02	 9.24887041e+01	 5.08316042e+01	 2.41117051e+01	 9.80094771e+00	 3.20902714e+00	 6.74452729e-01	 0.00000000e+00	 0.00000000e+00	 0.00000000e+00	 0.00000000e+00	 0.00000000e+00	
 1.79963167e+02	 1.79283453e+02	 1.71468179e+02	 1.40444510e+02	 9.24887685e+01	 5.08316948e+01	 2.41116624e+01	 9.80078490e+00	 3.20880741e+00	 6.74239359e-01	 0.00000000e+00	 0.00000000e+00	 0.00000000e+00	 0.00000000e+00	 0.00000000e+00	
 1.79963074e+02	 1.79282990e+02	 1.71467412e+02	 1.40443944e+02	 9.24884858e+01	 5.08315345e+01	 2.41115388e+01	 9.80067541e+00	 3.20871015e+00	 6.74157866e-01	 0.00000000e+00	 0.00000000e+00	 0.00000000e+00	 0.00000000e+00	 0.00000000e+00	
 1.79963024e+02	 1.79282734e+02	 1.71466956e+02	 1.40443530e+02	 9.24882124e+01	 5.08313646e+01	 2.41114339e+01	 9.80061259e+00	 3.20867298e+00	 6.74134393e-01	 0.00000000e+00	 0.00000000e+00	 0.00000000e+00	 0.00000000e+00	 0.00000000e+00	
