0.00000000e+00	3.86098030e-03	7.17752430e-03	3.36331489e+02
0.00000000e+00	3.86098030e-03	3.78993630e-02	3.36417227e+02
0.00000000e+00	3.86098030e-03	9.35073360e-02	3.30715003e+02
0.00000000e+00	3.86098030e-03	1.74611500e-01	2.95884628e+02
0.00000000e+00	3.86098030e-03	2.82124830e-01	2.26831579e+02
0.00000000e+00	3.86098030e-03	4.17333600e-01	1.51579585e+02
0.00000000e+00	3.86098030e-03	5.81993540e-01	9.14152314e+01
0.00000000e+00	3.86098030e-03	7.78479140e-01	5.06534874e+01
0.00000000e+00	3.86098030e-03	1.01002170e+00	2.58277789e+01
0.00000000e+00	3.86098030e-03	1.28110830e+00	1.20435583e+01
0.00000000e+00	3.86098030e-03	1.59819070e+00	5.09376419e+00
0.00000000e+00	3.86098030e-03	1.97106870e+00	1.92710101e+00
0.00000000e+00	3.86098030e-03	2.41596300e+00	6.30181572e-01
0.00000000e+00	3.86098030e-03	2.96389860e+00	1.63676532e-01
0.00000000e+00	3.86098030e-03	3.69431420e+00	2.67153742e-02

0.00000000e+00	2.03256210e-02	7.17752430e-03	3.36331489e+02
0.00000000e+00	2.03256210e-02	3.78993630e-02	3.36417240e+02
0.00000000e+00	2.03256210e-02	9.35073360e-02	3.30715305e+02
0.00000000e+00	2.03256210e-02	1.74611500e-01	2.95886214e+02
0.00000000e+00	2.03256210e-02	2.82124830e-01	2.26835017e+02
0.00000000e+00	2.03256210e-02	4.17333600e-01	1.51584207e+02
0.00000000e+00	2.03256210e-02	5.81993540e-01	9.14200027e+01
0.00000000e+00	2.03256210e-02	7.78479140e-01	5.06576624e+01
0.00000000e+00	2.03256210e-02	1.01002170e+00	2.58310069e+01
0.00000000e+00	2.03256210e-02	1.28110830e+00	1.20457913e+01
0.00000000e+00	2.03256210e-02	1.59819070e+00	5.09514523e+00
0.00000000e+00	2.03256210e-02	1.97106870e+00	1.92785589e+00
0.00000000e+00	2.03256210e-02	2.41596300e+00	6.30534583e-01
0.00000000e+00	2.03256210e-02	2.96389860e+00	1.63807343e-01
0.00000000e+00	2.03256210e-02	3.69431420e+00	2.67467325e-02

0.00000000e+00	4.98740390e-02	7.17752430e-03	3.36331489e+02
0.00000000e+00	4.98740390e-02	3.78993630e-02	3.36417303e+02
0.00000000e+00	4.98740390e-02	9.35073360e-02	3.30716872e+02
0.00000000e+00	4.98740390e-02	1.74611500e-01	2.95894446e+02
0.00000000e+00	4.98740390e-02	2.82124830e-01	2.26852852e+02
0.00000000e+00	4.98740390e-02	4.17333600e-01	1.51608179e+02
0.00000000e+00	4.98740390e-02	5.81993540e-01	9.14447388e+01
0.00000000e+00	4.98740390e-02	7.78479140e-01	5.06792968e+01
0.00000000e+00	4.98740390e-02	1.01002170e+00	2.58477221e+01
0.00000000e+00	4.98740390e-02	1.28110830e+00	1.20573435e+01
0.00000000e+00	4.98740390e-02	1.59819070e+00	5.10228198e+00
0.00000000e+00	4.98740390e-02	1.97106870e+00	1.93175156e+00
0.00000000e+00	4.98740390e-02	2.41596300e+00	6.32353434e-01
0.00000000e+00	4.98740390e-02	2.96389860e+00	1.64480021e-01
0.00000000e+00	4.98740390e-02	3.69431420e+00	2.69075794e-02

0.00000000e+00	9.23892010e-02	7.17752430e-03	3.36331490e+02
0.00000000e+00	9.23892010e-02	3.78993630e-02	3.36417484e+02
0.00000000e+00	9.23892010e-02	9.35073360e-02	3.30721390e+02
0.00000000e+00	9.23892010e-02	1.74611500e-01	2.95918166e+02
0.00000000e+00	9.23892010e-02	2.82124830e-01	2.26904182e+02
0.00000000e+00	9.23892010e-02	4.17333600e-01	1.51677094e+02
0.00000000e+00	9.23892010e-02	5.81993540e-01	9.15157662e+01
0.00000000e+00	9.23892010e-02	7.78479140e-01	5.07413176e+01
0.00000000e+00	9.23892010e-02	1.01002170e+00	2.58955311e+01
0.00000000e+00	9.23892010e-02	1.28110830e+00	1.20902860e+01
0.00000000e+00	9.23892010e-02	1.59819070e+00	5.12255830e+00
0.00000000e+00	9.23892010e-02	1.97106870e+00	1.94277090e+00
0.00000000e+00	9.23892010e-02	2.41596300e+00	6.37471325e-01
0.00000000e+00	9.23892010e-02	2.96389860e+00	1.66360832e-01
0.00000000e+00	9.23892010e-02	3.69431420e+00	2.73536222e-02

0.00000000e+00	1.47693400e-01	7.17752430e-03	3.36331490e+02
0.00000000e+00	1.47693400e-01	3.78993630e-02	3.36417873e+02
0.00000000e+00	1.47693400e-01	9.35073360e-02	3.30731048e+02
0.00000000e+00	1.47693400e-01	1.74611500e-01	2.95968778e+02
0.00000000e+00	1.47693400e-01	2.82124830e-01	2.27013409e+02
0.00000000e+00	1.47693400e-01	4.17333600e-01	1.51823362e+02
0.00000000e+00	1.47693400e-01	5.81993540e-01	9.16661020e+01
0.00000000e+00	1.47693400e-01	7.78479140e-01	5.08720925e+01
0.00000000e+00	1.47693400e-01	1.01002170e+00	2.59957943e+01
0.00000000e+00	1.47693400e-01	1.28110830e+00	1.21588807e+01
0.00000000e+00	1.47693400e-01	1.59819070e+00	5.16441020e+00
0.00000000e+00	1.47693400e-01	1.97106870e+00	1.96527880e+00
0.00000000e+00	1.47693400e-01	2.41596300e+00	6.47795758e-01
0.00000000e+00	1.47693400e-01	2.96389860e+00	1.70098500e-01
0.00000000e+00	1.47693400e-01	3.69431420e+00	2.82229726e-02

0.00000000e+00	2.15555020e-01	7.17752430e-03	3.36331491e+02
0.00000000e+00	2.15555020e-01	3.78993630e-02	3.36418558e+02
0.00000000e+00	2.15555020e-01	9.35073360e-02	3.30748056e+02
0.00000000e+00	2.15555020e-01	1.74611500e-01	2.96057598e+02
0.00000000e+00	2.15555020e-01	2.82124830e-01	2.27204111e+02
0.00000000e+00	2.15555020e-01	4.17333600e-01	1.52077497e+02
0.00000000e+00	2.15555020e-01	5.81993540e-01	9.19259474e+01
0.00000000e+00	2.15555020e-01	7.78479140e-01	5.10964920e+01
0.00000000e+00	2.15555020e-01	1.01002170e+00	2.61660412e+01
0.00000000e+00	2.15555020e-01	1.28110830e+00	1.22737429e+01
0.00000000e+00	2.15555020e-01	1.59819070e+00	5.23329658e+00
0.00000000e+00	2.15555020e-01	1.97106870e+00	2.00157305e+00
0.00000000e+00	2.15555020e-01	2.41596300e+00	6.64043757e-01
0.00000000e+00	2.15555020e-01	2.96389860e+00	1.75811016e-01
0.00000000e+00	2.15555020e-01	3.69431420e+00	2.95025226e-02

0.00000000e+00	2.95689410e-01	7.17752430e-03	3.36331493e+02
0.00000000e+00	2.95689410e-01	3.78993630e-02	3.36419596e+02
0.00000000e+00	2.95689410e-01	9.35073360e-02	3.30773793e+02
0.00000000e+00	2.95689410e-01	1.74611500e-01	2.96191233e+02
0.00000000e+00	2.95689410e-01	2.82124830e-01	2.27488693e+02
0.00000000e+00	2.95689410e-01	4.17333600e-01	1.52453820e+02
0.00000000e+00	2.95689410e-01	5.81993540e-01	9.23075092e+01
0.00000000e+00	2.95689410e-01	7.78479140e-01	5.14220797e+01
0.00000000e+00	2.95689410e-01	1.01002170e+00	2.64087223e+01
0.00000000e+00	2.95689410e-01	1.28110830e+00	1.24336094e+01
0.00000000e+00	2.95689410e-01	1.59819070e+00	5.32636420e+00
0.00000000e+00	2.95689410e-01	1.97106870e+00	2.04889558e+00
0.00000000e+00	2.95689410e-01	2.41596300e+00	6.84357781e-01
0.00000000e+00	2.95689410e-01	2.96389860e+00	1.82603635e-01
0.00000000e+00	2.95689410e-01	3.69431420e+00	3.09299309e-02

0.00000000e+00	3.87760470e-01	7.17752430e-03	3.36331495e+02
0.00000000e+00	3.87760470e-01	3.78993630e-02	3.36420962e+02
0.00000000e+00	3.87760470e-01	9.35073360e-02	3.30807610e+02
0.00000000e+00	3.87760470e-01	1.74611500e-01	2.96365457e+02
0.00000000e+00	3.87760470e-01	2.82124830e-01	2.27855537e+02
0.00000000e+00	3.87760470e-01	4.17333600e-01	1.52933774e+02
0.00000000e+00	3.87760470e-01	5.81993540e-01	9.27884294e+01
0.00000000e+00	3.87760470e-01	7.78479140e-01	5.18253554e+01
0.00000000e+00	3.87760470e-01	1.01002170e+00	2.67013968e+01
0.00000000e+00	3.87760470e-01	1.28110830e+00	1.26194018e+01
0.00000000e+00	3.87760470e-01	1.59819070e+00	5.42957023e+00
0.00000000e+00	3.87760470e-01	1.97106870e+00	2.09849640e+00
0.00000000e+00	3.87760470e-01	2.41596300e+00	7.04281193e-01
0.00000000e+00	3.87760470e-01	2.96389860e+00	1.88762060e-01
0.00000000e+00	3.87760470e-01	3.69431420e+00	3.21043071e-02

0.00000000e+00	4.91382070e-01	7.17752430e-03	3.36331497e+02
0.00000000e+00	4.91382070e-01	3.78993630e-02	3.36422502e+02
0.00000000e+00	4.91382070e-01	9.35073360e-02	3.30845645e+02
0.00000000e+00	4.91382070e-01	1.74611500e-01	2.96559566e+02
0.00000000e+00	4.91382070e-01	2.82124830e-01	2.28258778e+02
0.00000000e+00	4.91382070e-01	4.17333600e-01	1.53454682e+02
0.00000000e+00	4.91382070e-01	5.81993540e-01	9.33028951e+01
0.00000000e+00	4.91382070e-01	7.78479140e-01	5.22472400e+01
0.00000000e+00	4.91382070e-01	1.01002170e+00	2.69968065e+01
0.00000000e+00	4.91382070e-01	1.28110830e+00	1.27974435e+01
0.00000000e+00	4.91382070e-01	1.59819070e+00	5.52196939e+00
0.00000000e+00	4.91382070e-01	1.97106870e+00	2.13934952e+00
0.00000000e+00	4.91382070e-01	2.41596300e+00	7.19143310e-01
0.00000000e+00	4.91382070e-01	2.96389860e+00	1.92850443e-01
0.00000000e+00	4.91382070e-01	3.69431420e+00	3.27838689e-02

0.00000000e+00	6.06119420e-01	7.17752430e-03	3.36331499e+02
0.00000000e+00	6.06119420e-01	3.78993630e-02	3.36423907e+02
0.00000000e+00	6.06119420e-01	9.35073360e-02	3.30880287e+02
0.00000000e+00	6.06119420e-01	1.74611500e-01	2.96734686e+02
0.00000000e+00	6.06119420e-01	2.82124830e-01	2.28617708e+02
0.00000000e+00	6.06119420e-01	4.17333600e-01	1.53912494e+02
0.00000000e+00	6.06119420e-01	5.81993540e-01	9.37483745e+01
0.00000000e+00	6.06119420e-01	7.78479140e-01	5.26038312e+01
0.00000000e+00	6.06119420e-01	1.01002170e+00	2.72364456e+01
0.00000000e+00	6.06119420e-01	1.28110830e+00	1.29330167e+01
0.00000000e+00	6.06119420e-01	1.59819070e+00	5.58641010e+00
0.00000000e+00	6.06119420e-01	1.97106870e+00	2.16478454e+00
0.00000000e+00	6.06119420e-01	2.41596300e+00	7.27178240e-01
0.00000000e+00	6.06119420e-01	2.96389860e+00	1.94705100e-01
0.00000000e+00	6.06119420e-01	3.69431420e+00	3.30296263e-02

0.00000000e+00	7.31491450e-01	7.17752430e-03	3.36331500e+02
0.00000000e+00	7.31491450e-01	3.78993630e-02	3.36424757e+02
0.00000000e+00	7.31491450e-01	9.35073360e-02	3.30901188e+02
0.00000000e+00	7.31491450e-01	1.74611500e-01	2.96839580e+02
0.00000000e+00	7.31491450e-01	2.82124830e-01	2.28830528e+02
0.00000000e+00	7.31491450e-01	4.17333600e-01	1.54181350e+02
0.00000000e+00	7.31491450e-01	5.81993540e-01	9.40069842e+01
0.00000000e+00	7.31491450e-01	7.78479140e-01	5.28068053e+01
0.00000000e+00	7.31491450e-01	1.01002170e+00	2.73681034e+01
0.00000000e+00	7.31491450e-01	1.28110830e+00	1.30032775e+01
0.00000000e+00	7.31491450e-01	1.59819070e+00	5.61699854e+00
0.00000000e+00	7.31491450e-01	1.97106870e+00	2.17544234e+00
0.00000000e+00	7.31491450e-01	2.41596300e+00	7.30001448e-01
0.00000000e+00	7.31491450e-01	2.96389860e+00	1.95197968e-01
0.00000000e+00	7.31491450e-01	3.69431420e+00	3.30591434e-02

0.00000000e+00	8.66972370e-01	7.17752430e-03	3.36331500e+02
0.00000000e+00	8.66972370e-01	3.78993630e-02	3.36424644e+02
0.00000000e+00	8.66972370e-01	9.35073360e-02	3.30898415e+02
0.00000000e+00	8.66972370e-01	1.74611500e-01	2.96825701e+02
0.00000000e+00	8.66972370e-01	2.82124830e-01	2.28802462e+02
0.00000000e+00	8.66972370e-01	4.17333600e-01	1.54146006e+02
0.00000000e+00	8.66972370e-01	5.81993540e-01	9.39731169e+01
0.00000000e+00	8.66972370e-01	7.78479140e-01	5.27804010e+01
0.00000000e+00	8.66972370e-01	1.01002170e+00	2.73511881e+01
0.00000000e+00	8.66972370e-01	1.28110830e+00	1.29944421e+01
0.00000000e+00	8.66972370e-01	1.59819070e+00	5.61328198e+00
0.00000000e+00	8.66972370e-01	1.97106870e+00	2.17421466e+00
0.00000000e+00	8.66972370e-01	2.41596300e+00	7.29703347e-01
0.00000000e+00	8.66972370e-01	2.96389860e+00	1.95155027e-01
0.00000000e+00	8.66972370e-01	3.69431420e+00	3.30596393e-02

0.00000000e+00	1.01199390e+00	7.17752430e-03	3.36331498e+02
0.00000000e+00	1.01199390e+00	3.78993630e-02	3.36423384e+02
0.00000000e+00	1.01199390e+00	9.35073360e-02	3.30867425e+02
0.00000000e+00	1.01199390e+00	1.74611500e-01	2.96669866e+02
0.00000000e+00	1.01199390e+00	2.82124830e-01	2.28485390e+02
0.00000000e+00	1.01199390e+00	4.17333600e-01	1.53744367e+02
0.00000000e+00	1.01199390e+00	5.81993540e-01	9.35855181e+01
0.00000000e+00	1.01199390e+00	7.78479140e-01	5.24744605e+01
0.00000000e+00	1.01199390e+00	1.01002170e+00	2.71506710e+01
0.00000000e+00	1.01199390e+00	1.28110830e+00	1.28855400e+01
0.00000000e+00	1.01199390e+00	1.59819070e+00	5.56455929e+00
0.00000000e+00	1.01199390e+00	1.97106870e+00	2.15653653e+00
0.00000000e+00	1.01199390e+00	2.41596300e+00	7.24725696e-01
0.00000000e+00	1.01199390e+00	2.96389860e+00	1.94185520e-01
0.00000000e+00	1.01199390e+00	3.69431420e+00	3.29702829e-02

0.00000000e+00	1.16594750e+00	7.17752430e-03	3.36331495e+02
0.00000000e+00	1.16594750e+00	3.78993630e-02	3.36421220e+02
0.00000000e+00	1.16594750e+00	9.35073360e-02	3.30814038e+02
0.00000000e+00	1.16594750e+00	1.74611500e-01	2.96398421e+02
0.00000000e+00	1.16594750e+00	2.82124830e-01	2.27924429e+02
0.00000000e+00	1.16594750e+00	4.17333600e-01	1.53023268e+02
0.00000000e+00	1.16594750e+00	5.81993540e-01	9.28773807e+01
0.00000000e+00	1.16594750e+00	7.78479140e-01	5.18990295e+01
0.00000000e+00	1.16594750e+00	1.01002170e+00	2.67538269e+01
0.00000000e+00	1.16594750e+00	1.28110830e+00	1.26517599e+01
0.00000000e+00	1.16594750e+00	1.59819070e+00	5.44689601e+00
0.00000000e+00	1.16594750e+00	1.97106870e+00	2.10645503e+00
0.00000000e+00	1.16594750e+00	2.41596300e+00	7.07309379e-01
0.00000000e+00	1.16594750e+00	2.96389860e+00	1.89639391e-01
0.00000000e+00	1.16594750e+00	3.69431420e+00	3.22589368e-02

0.00000000e+00	1.32818770e+00	7.17752430e-03	3.36331491e+02
0.00000000e+00	1.32818770e+00	3.78993630e-02	3.36418881e+02
0.00000000e+00	1.32818770e+00	9.35073360e-02	3.30756160e+02
0.00000000e+00	1.32818770e+00	1.74611500e-01	2.96099805e+02
0.00000000e+00	1.32818770e+00	2.82124830e-01	2.27294309e+02
0.00000000e+00	1.32818770e+00	4.17333600e-01	1.52197157e+02
0.00000000e+00	1.32818770e+00	5.81993540e-01	9.20476965e+01
0.00000000e+00	1.32818770e+00	7.78479140e-01	5.12009010e+01
0.00000000e+00	1.32818770e+00	1.01002170e+00	2.62444438e+01
0.00000000e+00	1.32818770e+00	1.28110830e+00	1.23259126e+01
0.00000000e+00	1.32818770e+00	1.59819070e+00	5.26404967e+00
0.00000000e+00	1.32818770e+00	1.97106870e+00	2.01744431e+00
0.00000000e+00	1.32818770e+00	2.41596300e+00	6.70976325e-01
0.00000000e+00	1.32818770e+00	2.96389860e+00	1.78177212e-01
0.00000000e+00	1.32818770e+00	3.69431420e+00	3.00126673e-02

0.00000000e+00	1.49803400e+00	7.17752430e-03	3.36331489e+02
0.00000000e+00	1.49803400e+00	3.78993630e-02	3.36417383e+02
0.00000000e+00	1.49803400e+00	9.35073360e-02	3.30718967e+02
0.00000000e+00	1.49803400e+00	1.74611500e-01	2.95905488e+02
0.00000000e+00	1.49803400e+00	2.82124830e-01	2.26876774e+02
0.00000000e+00	1.49803400e+00	4.17333600e-01	1.51640318e+02
0.00000000e+00	1.49803400e+00	5.81993540e-01	9.14778823e+01
0.00000000e+00	1.49803400e+00	7.78479140e-01	5.07082587e+01
0.00000000e+00	1.49803400e+00	1.01002170e+00	2.58700695e+01
0.00000000e+00	1.49803400e+00	1.28110830e+00	1.20727612e+01
0.00000000e+00	1.49803400e+00	1.59819070e+00	5.11178619e+00
0.00000000e+00	1.49803400e+00	1.97106870e+00	1.93692605e+00
0.00000000e+00	1.49803400e+00	2.41596300e+00	6.34761856e-01
0.00000000e+00	1.49803400e+00	2.96389860e+00	1.65367387e-01
0.00000000e+00	1.49803400e+00	3.69431420e+00	2.71187221e-02

0.00000000e+00	1.67477390e+00	7.17752430e-03	3.36331489e+02
0.00000000e+00	1.67477390e+00	3.78993630e-02	3.36417546e+02
0.00000000e+00	1.67477390e+00	9.35073360e-02	3.30723056e+02
0.00000000e+00	1.67477390e+00	1.74611500e-01	2.95926960e+02
0.00000000e+00	1.67477390e+00	2.82124830e-01	2.26923211e+02
0.00000000e+00	1.67477390e+00	4.17333600e-01	1.51702623e+02
0.00000000e+00	1.67477390e+00	5.81993540e-01	9.15420512e+01
0.00000000e+00	1.67477390e+00	7.78479140e-01	5.07642345e+01
0.00000000e+00	1.67477390e+00	1.01002170e+00	2.59131568e+01
0.00000000e+00	1.67477390e+00	1.28110830e+00	1.21023941e+01
0.00000000e+00	1.67477390e+00	1.59819070e+00	5.12998303e+00
0.00000000e+00	1.67477390e+00	1.97106870e+00	1.94678780e+00
0.00000000e+00	1.67477390e+00	2.41596300e+00	6.39326950e-01
0.00000000e+00	1.67477390e+00	2.96389860e+00	1.67038335e-01
0.00000000e+00	1.67477390e+00	3.69431420e+00	2.75129383e-02

0.00000000e+00	1.85766620e+00	7.17752430e-03	3.36331491e+02
0.00000000e+00	1.85766620e+00	3.78993630e-02	3.36419464e+02
0.00000000e+00	1.85766620e+00	9.35073360e-02	3.30770713e+02
0.00000000e+00	1.85766620e+00	1.74611500e-01	2.96175364e+02
0.00000000e+00	1.85766620e+00	2.82124830e-01	2.27455074e+02
0.00000000e+00	1.85766620e+00	4.17333600e-01	1.52409557e+02
0.00000000e+00	1.85766620e+00	5.81993540e-01	9.22628386e+01
0.00000000e+00	1.85766620e+00	7.78479140e-01	5.13842148e+01
0.00000000e+00	1.85766620e+00	1.01002170e+00	2.63807794e+01
0.00000000e+00	1.85766620e+00	1.28110830e+00	1.24154522e+01
0.00000000e+00	1.85766620e+00	1.59819070e+00	5.31597509e+00
0.00000000e+00	1.85766620e+00	1.97106870e+00	2.04372236e+00
0.00000000e+00	1.85766620e+00	2.41596300e+00	6.82191867e-01
0.00000000e+00	1.85766620e+00	2.96389860e+00	1.81900900e-01
0.00000000e+00	1.85766620e+00	3.69431420e+00	3.07878458e-02

0.00000000e+00	2.04594370e+00	7.17752430e-03	3.36331494e+02
0.00000000e+00	2.04594370e+00	3.78993630e-02	3.36422260e+02
0.00000000e+00	2.04594370e+00	9.35073360e-02	3.30839917e+02
0.00000000e+00	2.04594370e+00	1.74611500e-01	2.96530543e+02
0.00000000e+00	2.04594370e+00	2.82124830e-01	2.28198881e+02
0.00000000e+00	2.04594370e+00	4.17333600e-01	1.53377762e+02
0.00000000e+00	2.04594370e+00	5.81993540e-01	9.32274349e+01
0.00000000e+00	2.04594370e+00	7.78479140e-01	5.21860148e+01
0.00000000e+00	2.04594370e+00	1.01002170e+00	2.69546897e+01
0.00000000e+00	2.04594370e+00	1.28110830e+00	1.27727328e+01
0.00000000e+00	2.04594370e+00	1.59819070e+00	5.50960854e+00
0.00000000e+00	2.04594370e+00	1.97106870e+00	2.13413591e+00
0.00000000e+00	2.04594370e+00	2.41596300e+00	7.17354083e-01
0.00000000e+00	2.04594370e+00	2.96389860e+00	1.92392215e-01
0.00000000e+00	2.04594370e+00	3.69431420e+00	3.27140000e-02

0.00000000e+00	2.23881680e+00	7.17752430e-03	3.36331497e+02
0.00000000e+00	2.23881680e+00	3.78993630e-02	3.36424420e+02
0.00000000e+00	2.23881680e+00	9.35073360e-02	3.30893198e+02
0.00000000e+00	2.23881680e+00	1.74611500e-01	2.96799649e+02
0.00000000e+00	2.23881680e+00	2.82124830e-01	2.28749739e+02
0.00000000e+00	2.23881680e+00	4.17333600e-01	1.54079532e+02
0.00000000e+00	2.23881680e+00	5.81993540e-01	9.39093203e+01
0.00000000e+00	2.23881680e+00	7.78479140e-01	5.27305188e+01
0.00000000e+00	2.23881680e+00	1.01002170e+00	2.73190572e+01
0.00000000e+00	2.23881680e+00	1.28110830e+00	1.29774986e+01
0.00000000e+00	2.23881680e+00	1.59819070e+00	5.60604450e+00
0.00000000e+00	2.23881680e+00	1.97106870e+00	2.17176571e+00
0.00000000e+00	2.23881680e+00	2.41596300e+00	7.29084378e-01
0.00000000e+00	2.23881680e+00	2.96389860e+00	1.95056978e-01
0.00000000e+00	2.23881680e+00	3.69431420e+00	3.30570230e-02

0.00000000e+00	2.43547640e+00	7.17752430e-03	3.36331497e+02
0.00000000e+00	2.43547640e+00	3.78993630e-02	3.36424640e+02
0.00000000e+00	2.43547640e+00	9.35073360e-02	3.30898656e+02
0.00000000e+00	2.43547640e+00	1.74611500e-01	2.96827021e+02
0.00000000e+00	2.43547640e+00	2.82124830e-01	2.28805177e+02
0.00000000e+00	2.43547640e+00	4.17333600e-01	1.54149444e+02
0.00000000e+00	2.43547640e+00	5.81993540e-01	9.39764221e+01
0.00000000e+00	2.43547640e+00	7.78479140e-01	5.27829840e+01
0.00000000e+00	2.43547640e+00	1.01002170e+00	2.73528473e+01
0.00000000e+00	2.43547640e+00	1.28110830e+00	1.29953119e+01
0.00000000e+00	2.43547640e+00	1.59819070e+00	5.61364989e+00
0.00000000e+00	2.43547640e+00	1.97106870e+00	2.17433727e+00
0.00000000e+00	2.43547640e+00	2.41596300e+00	7.29733596e-01
0.00000000e+00	2.43547640e+00	2.96389860e+00	1.95159578e-01
0.00000000e+00	2.43547640e+00	3.69431420e+00	3.30596733e-02

0.00000000e+00	2.63509780e+00	7.17752430e-03	3.36331494e+02
0.00000000e+00	2.63509780e+00	3.78993630e-02	3.36422694e+02
0.00000000e+00	2.63509780e+00	9.35073360e-02	3.30850780e+02
0.00000000e+00	2.63509780e+00	1.74611500e-01	2.96585762e+02
0.00000000e+00	2.63509780e+00	2.82124830e-01	2.28312816e+02
0.00000000e+00	2.63509780e+00	4.17333600e-01	1.53523983e+02
0.00000000e+00	2.63509780e+00	5.81993540e-01	9.33707482e+01
0.00000000e+00	2.63509780e+00	7.78479140e-01	5.23021025e+01
0.00000000e+00	2.63509780e+00	1.01002170e+00	2.70343179e+01
0.00000000e+00	2.63509780e+00	1.28110830e+00	1.28192454e+01
0.00000000e+00	2.63509780e+00	1.59819070e+00	5.53273258e+00
0.00000000e+00	2.63509780e+00	1.97106870e+00	2.14381261e+00
0.00000000e+00	2.63509780e+00	2.41596300e+00	7.20642872e-01
0.00000000e+00	2.63509780e+00	2.96389860e+00	1.93224568e-01
0.00000000e+00	2.63509780e+00	3.69431420e+00	3.28390975e-02

0.00000000e+00	2.83684350e+00	7.17752430e-03	3.36331489e+02
0.00000000e+00	2.83684350e+00	3.78993630e-02	3.36419706e+02
0.00000000e+00	2.83684350e+00	9.35073360e-02	3.30776940e+02
0.00000000e+00	2.83684350e+00	1.74611500e-01	2.96207668e+02
0.00000000e+00	2.83684350e+00	2.82124830e-01	2.27523562e+02
0.00000000e+00	2.83684350e+00	4.17333600e-01	1.52499719e+02
0.00000000e+00	2.83684350e+00	5.81993540e-01	9.23537950e+01
0.00000000e+00	2.83684350e+00	7.78479140e-01	5.14612525e+01
0.00000000e+00	2.83684350e+00	1.01002170e+00	2.64375552e+01
0.00000000e+00	2.83684350e+00	1.28110830e+00	1.24522749e+01
0.00000000e+00	2.83684350e+00	1.59819070e+00	5.33699283e+00
0.00000000e+00	2.83684350e+00	1.97106870e+00	2.05415723e+00
0.00000000e+00	2.83684350e+00	2.41596300e+00	6.86545499e-01
0.00000000e+00	2.83684350e+00	2.96389860e+00	1.83307606e-01
0.00000000e+00	2.83684350e+00	3.69431420e+00	3.10708097e-02

0.00000000e+00	3.03986740e+00	7.17752430e-03	3.36331486e+02
0.00000000e+00	3.03986740e+00	3.78993630e-02	3.36417519e+02
0.00000000e+00	3.03986740e+00	9.35073360e-02	3.30722685e+02
0.00000000e+00	3.03986740e+00	1.74611500e-01	2.95925125e+02
0.00000000e+00	3.03986740e+00	2.82124830e-01	2.26919295e+02
0.00000000e+00	3.03986740e+00	4.17333600e-01	1.51697396e+02
0.00000000e+00	3.03986740e+00	5.81993540e-01	9.15366824e+01
0.00000000e+00	3.03986740e+00	7.78479140e-01	5.07595614e+01
0.00000000e+00	3.03986740e+00	1.01002170e+00	2.59095675e+01
0.00000000e+00	3.03986740e+00	1.28110830e+00	1.20999317e+01
0.00000000e+00	3.03986740e+00	1.59819070e+00	5.12847512e+00
0.00000000e+00	3.03986740e+00	1.97106870e+00	1.94597317e+00
0.00000000e+00	3.03986740e+00	2.41596300e+00	6.38951218e-01
0.00000000e+00	3.03986740e+00	2.96389860e+00	1.66901394e-01
0.00000000e+00	3.03986740e+00	3.69431420e+00	2.74808048e-02

0.00000000e+00	3.24331810e+00	7.17752430e-03	3.36331486e+02
0.00000000e+00	3.24331810e+00	3.78993630e-02	3.36417518e+02
0.00000000e+00	3.24331810e+00	9.35073360e-02	3.30722683e+02
0.00000000e+00	3.24331810e+00	1.74611500e-01	2.95925125e+02
0.00000000e+00	3.24331810e+00	2.82124830e-01	2.26919297e+02
0.00000000e+00	3.24331810e+00	4.17333600e-01	1.51697399e+02
0.00000000e+00	3.24331810e+00	5.81993540e-01	9.15366857e+01
0.00000000e+00	3.24331810e+00	7.78479140e-01	5.07595643e+01
0.00000000e+00	3.24331810e+00	1.01002170e+00	2.59095697e+01
0.00000000e+00	3.24331810e+00	1.28110830e+00	1.20999331e+01
0.00000000e+00	3.24331810e+00	1.59819070e+00	5.12847595e+00
0.00000000e+00	3.24331810e+00	1.97106870e+00	1.94597362e+00
0.00000000e+00	3.24331810e+00	2.41596300e+00	6.38951437e-01
0.00000000e+00	3.24331810e+00	2.96389860e+00	1.66901484e-01
0.00000000e+00	3.24331810e+00	3.69431420e+00	2.74808304e-02

0.00000000e+00	3.44634200e+00	7.17752430e-03	3.36331489e+02
0.00000000e+00	3.44634200e+00	3.78993630e-02	3.36419704e+02
0.00000000e+00	3.44634200e+00	9.35073360e-02	3.30776936e+02
0.00000000e+00	3.44634200e+00	1.74611500e-01	2.96207666e+02
0.00000000e+00	3.44634200e+00	2.82124830e-01	2.27523565e+02
0.00000000e+00	3.44634200e+00	4.17333600e-01	1.52499725e+02
0.00000000e+00	3.44634200e+00	5.81993540e-01	9.23538016e+01
0.00000000e+00	3.44634200e+00	7.78479140e-01	5.14612584e+01
0.00000000e+00	3.44634200e+00	1.01002170e+00	2.64375593e+01
0.00000000e+00	3.44634200e+00	1.28110830e+00	1.24522773e+01
0.00000000e+00	3.44634200e+00	1.59819070e+00	5.33699400e+00
0.00000000e+00	3.44634200e+00	1.97106870e+00	2.05415770e+00
0.00000000e+00	3.44634200e+00	2.41596300e+00	6.86545632e-01
0.00000000e+00	3.44634200e+00	2.96389860e+00	1.83307618e-01
0.00000000e+00	3.44634200e+00	3.69431420e+00	3.10707994e-02

0.00000000e+00	3.64808770e+00	7.17752430e-03	3.36331493e+02
0.00000000e+00	3.64808770e+00	3.78993630e-02	3.36422691e+02
0.00000000e+00	3.64808770e+00	9.35073360e-02	3.30850773e+02
0.00000000e+00	3.64808770e+00	1.74611500e-01	2.96585757e+02
0.00000000e+00	3.64808770e+00	2.82124830e-01	2.28312815e+02
0.00000000e+00	3.64808770e+00	4.17333600e-01	1.53523986e+02
0.00000000e+00	3.64808770e+00	5.81993540e-01	9.33707525e+01
0.00000000e+00	3.64808770e+00	7.78479140e-01	5.23021062e+01
0.00000000e+00	3.64808770e+00	1.01002170e+00	2.70343201e+01
0.00000000e+00	3.64808770e+00	1.28110830e+00	1.28192461e+01
0.00000000e+00	3.64808770e+00	1.59819070e+00	5.53273257e+00
0.00000000e+00	3.64808770e+00	1.97106870e+00	2.14381232e+00
0.00000000e+00	3.64808770e+00	2.41596300e+00	7.20642594e-01
0.00000000e+00	3.64808770e+00	2.96389860e+00	1.93224402e-01
0.00000000e+00	3.64808770e+00	3.69431420e+00	3.28390352e-02

0.00000000e+00	3.84770910e+00	7.17752430e-03	3.36331496e+02
0.00000000e+00	3.84770910e+00	3.78993630e-02	3.36424635e+02
0.00000000e+00	3.84770910e+00	9.35073360e-02	3.30898647e+02
0.00000000e+00	3.84770910e+00	1.74611500e-01	2.96827011e+02
0.00000000e+00	3.84770910e+00	2.82124830e-01	2.28805170e+02
0.00000000e+00	3.84770910e+00	4.17333600e-01	1.54149441e+02
0.00000000e+00	3.84770910e+00	5.81993540e-01	9.39764203e+01
0.00000000e+00	3.84770910e+00	7.78479140e-01	5.27829828e+01
0.00000000e+00	3.84770910e+00	1.01002170e+00	2.73528460e+01
0.00000000e+00	3.84770910e+00	1.28110830e+00	1.29953106e+01
0.00000000e+00	3.84770910e+00	1.59819070e+00	5.61364878e+00
0.00000000e+00	3.84770910e+00	1.97106870e+00	2.17433654e+00
0.00000000e+00	3.84770910e+00	2.41596300e+00	7.29733215e-01
0.00000000e+00	3.84770910e+00	2.96389860e+00	1.95159429e-01
0.00000000e+00	3.84770910e+00	3.69431420e+00	3.30596361e-02

0.00000000e+00	4.04436860e+00	7.17752430e-03	3.36331496e+02
0.00000000e+00	4.04436860e+00	3.78993630e-02	3.36424414e+02
0.00000000e+00	4.04436860e+00	9.35073360e-02	3.30893185e+02
0.00000000e+00	4.04436860e+00	1.74611500e-01	2.96799633e+02
0.00000000e+00	4.04436860e+00	2.82124830e-01	2.28749725e+02
0.00000000e+00	4.04436860e+00	4.17333600e-01	1.54079521e+02
0.00000000e+00	4.04436860e+00	5.81993540e-01	9.39093117e+01
0.00000000e+00	4.04436860e+00	7.78479140e-01	5.27305125e+01
0.00000000e+00	4.04436860e+00	1.01002170e+00	2.73190527e+01
0.00000000e+00	4.04436860e+00	1.28110830e+00	1.29774956e+01
0.00000000e+00	4.04436860e+00	1.59819070e+00	5.60604273e+00
0.00000000e+00	4.04436860e+00	1.97106870e+00	2.17176478e+00
0.00000000e+00	4.04436860e+00	2.41596300e+00	7.29083959e-01
0.00000000e+00	4.04436860e+00	2.96389860e+00	1.95056828e-01
0.00000000e+00	4.04436860e+00	3.69431420e+00	3.30569870e-02

0.00000000e+00	4.23724170e+00	7.17752430e-03	3.36331493e+02
0.00000000e+00	4.23724170e+00	3.78993630e-02	3.36422252e+02
0.00000000e+00	4.23724170e+00	9.35073360e-02	3.30839902e+02
0.00000000e+00	4.23724170e+00	1.74611500e-01	2.96530523e+02
0.00000000e+00	4.23724170e+00	2.82124830e-01	2.28198861e+02
0.00000000e+00	4.23724170e+00	4.17333600e-01	1.53377744e+02
0.00000000e+00	4.23724170e+00	5.81993540e-01	9.32274211e+01
0.00000000e+00	4.23724170e+00	7.78479140e-01	5.21860048e+01
0.00000000e+00	4.23724170e+00	1.01002170e+00	2.69546831e+01
0.00000000e+00	4.23724170e+00	1.28110830e+00	1.27727288e+01
0.00000000e+00	4.23724170e+00	1.59819070e+00	5.50960629e+00
0.00000000e+00	4.23724170e+00	1.97106870e+00	2.13413479e+00
0.00000000e+00	4.23724170e+00	2.41596300e+00	7.17353575e-01
0.00000000e+00	4.23724170e+00	2.96389860e+00	1.92392019e-01
0.00000000e+00	4.23724170e+00	3.69431420e+00	3.27139436e-02

0.00000000e+00	4.42551920e+00	7.17752430e-03	3.36331489e+02
0.00000000e+00	4.42551920e+00	3.78993630e-02	3.36419456e+02
0.00000000e+00	4.42551920e+00	9.35073360e-02	3.30770697e+02
0.00000000e+00	4.42551920e+00	1.74611500e-01	2.96175342e+02
0.00000000e+00	4.42551920e+00	2.82124830e-01	2.27455051e+02
0.00000000e+00	4.42551920e+00	4.17333600e-01	1.52409537e+02
0.00000000e+00	4.42551920e+00	5.81993540e-01	9.22628228e+01
0.00000000e+00	4.42551920e+00	7.78479140e-01	5.13842035e+01
0.00000000e+00	4.42551920e+00	1.01002170e+00	2.63807719e+01
0.00000000e+00	4.42551920e+00	1.28110830e+00	1.24154478e+01
0.00000000e+00	4.42551920e+00	1.59819070e+00	5.31597268e+00
0.00000000e+00	4.42551920e+00	1.97106870e+00	2.04372117e+00
0.00000000e+00	4.42551920e+00	2.41596300e+00	6.82191352e-01
0.00000000e+00	4.42551920e+00	2.96389860e+00	1.81900716e-01
0.00000000e+00	4.42551920e+00	3.69431420e+00	3.07878011e-02

0.00000000e+00	4.60841150e+00	7.17752430e-03	3.36331487e+02
0.00000000e+00	4.60841150e+00	3.78993630e-02	3.36417537e+02
0.00000000e+00	4.60841150e+00	9.35073360e-02	3.30723038e+02
0.00000000e+00	4.60841150e+00	1.74611500e-01	2.95926936e+02
0.00000000e+00	4.60841150e+00	2.82124830e-01	2.26923188e+02
0.00000000e+00	4.60841150e+00	4.17333600e-01	1.51702604e+02
0.00000000e+00	4.60841150e+00	5.81993540e-01	9.15420365e+01
0.00000000e+00	4.60841150e+00	7.78479140e-01	5.07642243e+01
0.00000000e+00	4.60841150e+00	1.01002170e+00	2.59131501e+01
0.00000000e+00	4.60841150e+00	1.28110830e+00	1.21023902e+01
0.00000000e+00	4.60841150e+00	1.59819070e+00	5.12998086e+00
0.00000000e+00	4.60841150e+00	1.97106870e+00	1.94678673e+00
0.00000000e+00	4.60841150e+00	2.41596300e+00	6.39326496e-01
0.00000000e+00	4.60841150e+00	2.96389860e+00	1.67038181e-01
0.00000000e+00	4.60841150e+00	3.69431420e+00	2.75129035e-02

0.00000000e+00	4.78515150e+00	7.17752430e-03	3.36331487e+02
0.00000000e+00	4.78515150e+00	3.78993630e-02	3.36417374e+02
0.00000000e+00	4.78515150e+00	9.35073360e-02	3.30718949e+02
0.00000000e+00	4.78515150e+00	1.74611500e-01	2.95905465e+02
0.00000000e+00	4.78515150e+00	2.82124830e-01	2.26876752e+02
0.00000000e+00	4.78515150e+00	4.17333600e-01	1.51640301e+02
0.00000000e+00	4.78515150e+00	5.81993540e-01	9.14778707e+01
0.00000000e+00	4.78515150e+00	7.78479140e-01	5.07082511e+01
0.00000000e+00	4.78515150e+00	1.01002170e+00	2.58700647e+01
0.00000000e+00	4.78515150e+00	1.28110830e+00	1.20727583e+01
0.00000000e+00	4.78515150e+00	1.59819070e+00	5.11178451e+00
0.00000000e+00	4.78515150e+00	1.97106870e+00	1.93692518e+00
0.00000000e+00	4.78515150e+00	2.41596300e+00	6.34761464e-01
0.00000000e+00	4.78515150e+00	2.96389860e+00	1.65367249e-01
0.00000000e+00	4.78515150e+00	3.69431420e+00	2.71186901e-02

0.00000000e+00	4.95499780e+00	7.17752430e-03	3.36331489e+02
0.00000000e+00	4.95499780e+00	3.78993630e-02	3.36418873e+02
0.00000000e+00	4.95499780e+00	9.35073360e-02	3.30756142e+02
0.00000000e+00	4.95499780e+00	1.74611500e-01	2.96099783e+02
0.00000000e+00	4.95499780e+00	2.82124830e-01	2.27294289e+02
0.00000000e+00	4.95499780e+00	4.17333600e-01	1.52197142e+02
0.00000000e+00	4.95499780e+00	5.81993540e-01	9.20476874e+01
0.00000000e+00	4.95499780e+00	7.78479140e-01	5.12008955e+01
0.00000000e+00	4.95499780e+00	1.01002170e+00	2.62444405e+01
0.00000000e+00	4.95499780e+00	1.28110830e+00	1.23259104e+01
0.00000000e+00	4.95499780e+00	1.59819070e+00	5.26404823e+00
0.00000000e+00	4.95499780e+00	1.97106870e+00	2.01744341e+00
0.00000000e+00	4.95499780e+00	2.41596300e+00	6.70975833e-01
0.00000000e+00	4.95499780e+00	2.96389860e+00	1.78176995e-01
0.00000000e+00	4.95499780e+00	3.69431420e+00	3.00126021e-02

0.00000000e+00	5.11723800e+00	7.17752430e-03	3.36331493e+02
0.00000000e+00	5.11723800e+00	3.78993630e-02	3.36421211e+02
0.00000000e+00	5.11723800e+00	9.35073360e-02	3.30814021e+02
0.00000000e+00	5.11723800e+00	1.74611500e-01	2.96398399e+02
0.00000000e+00	5.11723800e+00	2.82124830e-01	2.27924410e+02
0.00000000e+00	5.11723800e+00	4.17333600e-01	1.53023254e+02
0.00000000e+00	5.11723800e+00	5.81993540e-01	9.28773723e+01
0.00000000e+00	5.11723800e+00	7.78479140e-01	5.18990245e+01
0.00000000e+00	5.11723800e+00	1.01002170e+00	2.67538238e+01
0.00000000e+00	5.11723800e+00	1.28110830e+00	1.26517578e+01
0.00000000e+00	5.11723800e+00	1.59819070e+00	5.44689450e+00
0.00000000e+00	5.11723800e+00	1.97106870e+00	2.10645402e+00
0.00000000e+00	5.11723800e+00	2.41596300e+00	7.07308803e-01
0.00000000e+00	5.11723800e+00	2.96389860e+00	1.89639126e-01
0.00000000e+00	5.11723800e+00	3.69431420e+00	3.22588542e-02

0.00000000e+00	5.27119160e+00	7.17752430e-03	3.36331496e+02
0.00000000e+00	5.27119160e+00	3.78993630e-02	3.36423376e+02
0.00000000e+00	5.27119160e+00	9.35073360e-02	3.30867409e+02
0.00000000e+00	5.27119160e+00	1.74611500e-01	2.96669846e+02
0.00000000e+00	5.27119160e+00	2.82124830e-01	2.28485371e+02
0.00000000e+00	5.27119160e+00	4.17333600e-01	1.53744353e+02
0.00000000e+00	5.27119160e+00	5.81993540e-01	9.35855086e+01
0.00000000e+00	5.27119160e+00	7.78479140e-01	5.24744546e+01
0.00000000e+00	5.27119160e+00	1.01002170e+00	2.71506673e+01
0.00000000e+00	5.27119160e+00	1.28110830e+00	1.28855376e+01
0.00000000e+00	5.27119160e+00	1.59819070e+00	5.56455776e+00
0.00000000e+00	5.27119160e+00	1.97106870e+00	2.15653562e+00
0.00000000e+00	5.27119160e+00	2.41596300e+00	7.24725237e-01
0.00000000e+00	5.27119160e+00	2.96389860e+00	1.94185340e-01
0.00000000e+00	5.27119160e+00	3.69431420e+00	3.29702378e-02

0.00000000e+00	5.41621310e+00	7.17752430e-03	3.36331498e+02
0.00000000e+00	5.41621310e+00	3.78993630e-02	3.36424637e+02
0.00000000e+00	5.41621310e+00	9.35073360e-02	3.30898400e+02
0.00000000e+00	5.41621310e+00	1.74611500e-01	2.96825681e+02
0.00000000e+00	5.41621310e+00	2.82124830e-01	2.28802443e+02
0.00000000e+00	5.41621310e+00	4.17333600e-01	1.54145990e+02
0.00000000e+00	5.41621310e+00	5.81993540e-01	9.39731060e+01
0.00000000e+00	5.41621310e+00	7.78479140e-01	5.27803939e+01
0.00000000e+00	5.41621310e+00	1.01002170e+00	2.73511838e+01
0.00000000e+00	5.41621310e+00	1.28110830e+00	1.29944395e+01
0.00000000e+00	5.41621310e+00	1.59819070e+00	5.61328054e+00
0.00000000e+00	5.41621310e+00	1.97106870e+00	2.17421394e+00
0.00000000e+00	5.41621310e+00	2.41596300e+00	7.29703046e-01
0.00000000e+00	5.41621310e+00	2.96389860e+00	1.95154932e-01
0.00000000e+00	5.41621310e+00	3.69431420e+00	3.30596220e-02

0.00000000e+00	5.55169400e+00	7.17752430e-03	3.36331499e+02
0.00000000e+00	5.55169400e+00	3.78993630e-02	3.36424751e+02
0.00000000e+00	5.55169400e+00	9.35073360e-02	3.30901175e+02
0.00000000e+00	5.55169400e+00	1.74611500e-01	2.96839562e+02
0.00000000e+00	5.55169400e+00	2.82124830e-01	2.28830509e+02
0.00000000e+00	5.55169400e+00	4.17333600e-01	1.54181334e+02
0.00000000e+00	5.55169400e+00	5.81993540e-01	9.40069727e+01
0.00000000e+00	5.55169400e+00	7.78479140e-01	5.28067978e+01
0.00000000e+00	5.55169400e+00	1.01002170e+00	2.73680988e+01
0.00000000e+00	5.55169400e+00	1.28110830e+00	1.30032749e+01
0.00000000e+00	5.55169400e+00	1.59819070e+00	5.61699720e+00
0.00000000e+00	5.55169400e+00	1.97106870e+00	2.17544174e+00
0.00000000e+00	5.55169400e+00	2.41596300e+00	7.30001220e-01
0.00000000e+00	5.55169400e+00	2.96389860e+00	1.95197903e-01
0.00000000e+00	5.55169400e+00	3.69431420e+00	3.30591323e-02

0.00000000e+00	5.67706610e+00	7.17752430e-03	3.36331498e+02
0.00000000e+00	5.67706610e+00	3.78993630e-02	3.36423902e+02
0.00000000e+00	5.67706610e+00	9.35073360e-02	3.30880275e+02
0.00000000e+00	5.67706610e+00	1.74611500e-01	2.96734669e+02
0.00000000e+00	5.67706610e+00	2.82124830e-01	2.28617690e+02
0.00000000e+00	5.67706610e+00	4.17333600e-01	1.53912479e+02
0.00000000e+00	5.67706610e+00	5.81993540e-01	9.37483630e+01
0.00000000e+00	5.67706610e+00	7.78479140e-01	5.26038235e+01
0.00000000e+00	5.67706610e+00	1.01002170e+00	2.72364410e+01
0.00000000e+00	5.67706610e+00	1.28110830e+00	1.29330141e+01
0.00000000e+00	5.67706610e+00	1.59819070e+00	5.58640875e+00
0.00000000e+00	5.67706610e+00	1.97106870e+00	2.16478391e+00
0.00000000e+00	5.67706610e+00	2.41596300e+00	7.27177981e-01
0.00000000e+00	5.67706610e+00	2.96389860e+00	1.94705013e-01
0.00000000e+00	5.67706610e+00	3.69431420e+00	3.30296070e-02

0.00000000e+00	5.79180340e+00	7.17752430e-03	3.36331496e+02
0.00000000e+00	5.79180340e+00	3.78993630e-02	3.36422498e+02
0.00000000e+00	5.79180340e+00	9.35073360e-02	3.30845635e+02
0.00000000e+00	5.79180340e+00	1.74611500e-01	2.96559552e+02
0.00000000e+00	5.79180340e+00	2.82124830e-01	2.28258763e+02
0.00000000e+00	5.79180340e+00	4.17333600e-01	1.53454668e+02
0.00000000e+00	5.79180340e+00	5.81993540e-01	9.33028846e+01
0.00000000e+00	5.79180340e+00	7.78479140e-01	5.22472330e+01
0.00000000e+00	5.79180340e+00	1.01002170e+00	2.69968021e+01
0.00000000e+00	5.79180340e+00	1.28110830e+00	1.27974410e+01
0.00000000e+00	5.79180340e+00	1.59819070e+00	5.52196799e+00
0.00000000e+00	5.79180340e+00	1.97106870e+00	2.13934879e+00
0.00000000e+00	5.79180340e+00	2.41596300e+00	7.19142975e-01
0.00000000e+00	5.79180340e+00	2.96389860e+00	1.92850318e-01
0.00000000e+00	5.79180340e+00	3.69431420e+00	3.27838374e-02

0.00000000e+00	5.89542500e+00	7.17752430e-03	3.36331494e+02
0.00000000e+00	5.89542500e+00	3.78993630e-02	3.36420959e+02
0.00000000e+00	5.89542500e+00	9.35073360e-02	3.30807602e+02
0.00000000e+00	5.89542500e+00	1.74611500e-01	2.96365445e+02
0.00000000e+00	5.89542500e+00	2.82124830e-01	2.27855523e+02
0.00000000e+00	5.89542500e+00	4.17333600e-01	1.52933763e+02
0.00000000e+00	5.89542500e+00	5.81993540e-01	9.27884203e+01
0.00000000e+00	5.89542500e+00	7.78479140e-01	5.18253492e+01
0.00000000e+00	5.89542500e+00	1.01002170e+00	2.67013928e+01
0.00000000e+00	5.89542500e+00	1.28110830e+00	1.26193993e+01
0.00000000e+00	5.89542500e+00	1.59819070e+00	5.42956876e+00
0.00000000e+00	5.89542500e+00	1.97106870e+00	2.09849558e+00
0.00000000e+00	5.89542500e+00	2.41596300e+00	7.04280789e-01
0.00000000e+00	5.89542500e+00	2.96389860e+00	1.88761902e-01
0.00000000e+00	5.89542500e+00	3.69431420e+00	3.21042667e-02

0.00000000e+00	5.98749610e+00	7.17752430e-03	3.36331492e+02
0.00000000e+00	5.98749610e+00	3.78993630e-02	3.36419593e+02
0.00000000e+00	5.98749610e+00	9.35073360e-02	3.30773786e+02
0.00000000e+00	5.98749610e+00	1.74611500e-01	2.96191224e+02
0.00000000e+00	5.98749610e+00	2.82124830e-01	2.27488682e+02
0.00000000e+00	5.98749610e+00	4.17333600e-01	1.52453810e+02
0.00000000e+00	5.98749610e+00	5.81993540e-01	9.23075015e+01
0.00000000e+00	5.98749610e+00	7.78479140e-01	5.14220743e+01
0.00000000e+00	5.98749610e+00	1.01002170e+00	2.64087188e+01
0.00000000e+00	5.98749610e+00	1.28110830e+00	1.24336071e+01
0.00000000e+00	5.98749610e+00	1.59819070e+00	5.32636272e+00
0.00000000e+00	5.98749610e+00	1.97106870e+00	2.04889470e+00
0.00000000e+00	5.98749610e+00	2.41596300e+00	6.84357332e-01
0.00000000e+00	5.98749610e+00	2.96389860e+00	1.82603452e-01
0.00000000e+00	5.98749610e+00	3.69431420e+00	3.09298809e-02

0.00000000e+00	6.06763050e+00	7.17752430e-03	3.36331491e+02
0.00000000e+00	6.06763050e+00	3.78993630e-02	3.36418556e+02
0.00000000e+00	6.06763050e+00	9.35073360e-02	3.30748052e+02
0.00000000e+00	6.06763050e+00	1.74611500e-01	2.96057590e+02
0.00000000e+00	6.06763050e+00	2.82124830e-01	2.27204102e+02
0.00000000e+00	6.06763050e+00	4.17333600e-01	1.52077489e+02
0.00000000e+00	6.06763050e+00	5.81993540e-01	9.19259414e+01
0.00000000e+00	6.06763050e+00	7.78479140e-01	5.10964877e+01
0.00000000e+00	6.06763050e+00	1.01002170e+00	2.61660383e+01
0.00000000e+00	6.06763050e+00	1.28110830e+00	1.22737410e+01
0.00000000e+00	6.06763050e+00	1.59819070e+00	5.23329527e+00
0.00000000e+00	6.06763050e+00	1.97106870e+00	2.00157224e+00
0.00000000e+00	6.06763050e+00	2.41596300e+00	6.64043324e-01
0.00000000e+00	6.06763050e+00	2.96389860e+00	1.75810829e-01
0.00000000e+00	6.06763050e+00	3.69431420e+00	2.95024669e-02

0.00000000e+00	6.13549210e+00	7.17752430e-03	3.36331490e+02
0.00000000e+00	6.13549210e+00	3.78993630e-02	3.36417872e+02
0.00000000e+00	6.13549210e+00	9.35073360e-02	3.30731044e+02
0.00000000e+00	6.13549210e+00	1.74611500e-01	2.95968773e+02
0.00000000e+00	6.13549210e+00	2.82124830e-01	2.27013404e+02
0.00000000e+00	6.13549210e+00	4.17333600e-01	1.51823357e+02
0.00000000e+00	6.13549210e+00	5.81993540e-01	9.16660978e+01
0.00000000e+00	6.13549210e+00	7.78479140e-01	5.08720894e+01
0.00000000e+00	6.13549210e+00	1.01002170e+00	2.59957922e+01
0.00000000e+00	6.13549210e+00	1.28110830e+00	1.21588793e+01
0.00000000e+00	6.13549210e+00	1.59819070e+00	5.16440920e+00
0.00000000e+00	6.13549210e+00	1.97106870e+00	1.96527816e+00
0.00000000e+00	6.13549210e+00	2.41596300e+00	6.47795407e-01
0.00000000e+00	6.13549210e+00	2.96389860e+00	1.70098341e-01
0.00000000e+00	6.13549210e+00	3.69431420e+00	2.82229220e-02

0.00000000e+00	6.19079630e+00	7.17752430e-03	3.36331490e+02
0.00000000e+00	6.19079630e+00	3.78993630e-02	3.36417484e+02
0.00000000e+00	6.19079630e+00	9.35073360e-02	3.30721388e+02
0.00000000e+00	6.19079630e+00	1.74611500e-01	2.95918163e+02
0.00000000e+00	6.19079630e+00	2.82124830e-01	2.26904179e+02
0.00000000e+00	6.19079630e+00	4.17333600e-01	1.51677091e+02
0.00000000e+00	6.19079630e+00	5.81993540e-01	9.15157635e+01
0.00000000e+00	6.19079630e+00	7.78479140e-01	5.07413157e+01
0.00000000e+00	6.19079630e+00	1.01002170e+00	2.58955298e+01
0.00000000e+00	6.19079630e+00	1.28110830e+00	1.20902850e+01
0.00000000e+00	6.19079630e+00	1.59819070e+00	5.12255763e+00
0.00000000e+00	6.19079630e+00	1.97106870e+00	1.94277046e+00
0.00000000e+00	6.19079630e+00	2.41596300e+00	6.37471081e-01
0.00000000e+00	6.19079630e+00	2.96389860e+00	1.66360718e-01
0.00000000e+00	6.19079630e+00	3.69431420e+00	2.73535849e-02

0.00000000e+00	6.23331140e+00	7.17752430e-03	3.36331489e+02
0.00000000e+00	6.23331140e+00	3.78993630e-02	3.36417302e+02
0.00000000e+00	6.23331140e+00	9.35073360e-02	3.30716871e+02
0.00000000e+00	6.23331140e+00	1.74611500e-01	2.95894445e+02
0.00000000e+00	6.23331140e+00	2.82124830e-01	2.26852850e+02
0.00000000e+00	6.23331140e+00	4.17333600e-01	1.51608177e+02
0.00000000e+00	6.23331140e+00	5.81993540e-01	9.14447373e+01
0.00000000e+00	6.23331140e+00	7.78479140e-01	5.06792958e+01
0.00000000e+00	6.23331140e+00	1.01002170e+00	2.58477214e+01
0.00000000e+00	6.23331140e+00	1.28110830e+00	1.20573430e+01
0.00000000e+00	6.23331140e+00	1.59819070e+00	5.10228163e+00
0.00000000e+00	6.23331140e+00	1.97106870e+00	1.93175133e+00
0.00000000e+00	6.23331140e+00	2.41596300e+00	6.32353301e-01
0.00000000e+00	6.23331140e+00	2.96389860e+00	1.64479958e-01
0.00000000e+00	6.23331140e+00	3.69431420e+00	2.69075581e-02

0.00000000e+00	6.26285990e+00	7.17752430e-03	3.36331489e+02
0.00000000e+00	6.26285990e+00	3.78993630e-02	3.36417239e+02
0.00000000e+00	6.26285990e+00	9.35073360e-02	3.30715304e+02
0.00000000e+00	6.26285990e+00	1.74611500e-01	2.95886214e+02
0.00000000e+00	6.26285990e+00	2.82124830e-01	2.26835016e+02
0.00000000e+00	6.26285990e+00	4.17333600e-01	1.51584206e+02
0.00000000e+00	6.26285990e+00	5.81993540e-01	9.14200021e+01
0.00000000e+00	6.26285990e+00	7.78479140e-01	5.06576619e+01
0.00000000e+00	6.26285990e+00	1.01002170e+00	2.58310066e+01
0.00000000e+00	6.26285990e+00	1.28110830e+00	1.20457910e+01
0.00000000e+00	6.26285990e+00	1.59819070e+00	5.09514508e+00
0.00000000e+00	6.26285990e+00	1.97106870e+00	1.92785579e+00
0.00000000e+00	6.26285990e+00	2.41596300e+00	6.30534525e-01
0.00000000e+00	6.26285990e+00	2.96389860e+00	1.63807316e-01
0.00000000e+00	6.26285990e+00	3.69431420e+00	2.67467234e-02

0.00000000e+00	6.27932450e+00	7.17752430e-03	3.36331489e+02
0.00000000e+00	6.27932450e+00	3.78993630e-02	3.36417227e+02
0.00000000e+00	6.27932450e+00	9.35073360e-02	3.30715003e+02
0.00000000e+00	6.27932450e+00	1.74611500e-01	2.95884628e+02
0.00000000e+00	6.27932450e+00	2.82124830e-01	2.26831579e+02
0.00000000e+00	6.27932450e+00	4.17333600e-01	1.51579584e+02
0.00000000e+00	6.27932450e+00	5.81993540e-01	9.14152313e+01
0.00000000e+00	6.27932450e+00	7.78479140e-01	5.06534873e+01
0.00000000e+00	6.27932450e+00	1.01002170e+00	2.58277789e+01
0.00000000e+00	6.27932450e+00	1.28110830e+00	1.20435582e+01
0.00000000e+00	6.27932450e+00	1.59819070e+00	5.09376416e+00
0.00000000e+00	6.27932450e+00	1.97106870e+00	1.92710100e+00
0.00000000e+00	6.27932450e+00	2.41596300e+00	6.30181561e-01
0.00000000e+00	6.27932450e+00	2.96389860e+00	1.63676527e-01
0.00000000e+00	6.27932450e+00	3.69431420e+00	2.67153725e-02

